4 10 1000
566 598
554 -303
-972 -799
885 -955
-547 116 2758466
-745 223 5172399
-532 375 6829066
515 -588 14547008
-736 482 18189873
272 -613 26727989
-900 -453 44478443
-966 -500 49510932
404 642 59483318
194 725 79632762
20750099 27912909
19323984 38312053
35705894 60850109
13608567 88649832
38077121 40033174
25034463 34565069
36975055 37680661
2849693 31229662
10927743 36674456
63748054 88002924
3454849 77907047
30064254 60632214
2299735 32462970
1422284 50718375
15598844 86771681
59996315 95381002
5282345 13767182
18951502 64393403
27131986 80025690
35456753 44965410
19276000 88308143
59765383 98272573
15980692 60424041
1371066 29484825
9118638 58530162
57266169 83112816
24657165 49799497
32730871 71783093
16669773 71200266
46952524 79860120
10914442 60283483
8881631 27916086
37955827 87026640
59972953 70268765
21693395 40440206
7540537 40774243
47215223 63298643
11159214 76646512
18797829 87537875
12907297 13254160
69339926 95552988
1371260 34180357
42341040 81339432
37550740 84389885
27593865 64817556
23574650 50606556
72226137 87036260
41204744 50832623
18739497 28820356
5721895 53655710
19236045 99840869
31669660 61871210
49142875 75180669
5170784 62298675
18736816 82387412
8920884 25393150
53373605 79127729
24604278 27860072
33578831 88007612
34923782 92302174
10222637 21629108
11920839 47537041
43389903 47631079
7377223 24353856
8400256 49680635
20965918 93524746
17888459 45184398
33540089 50558115
25807867 59269728
18843656 37105099
22842820 29234366
6826968 24361236
41595140 48468521
3650513 13467408
39024372 77246087
14088861 24522311
45935447 94770549
7595054 47785648
89338165 90586201
39433150 49559512
15694517 15941409
9234036 33203387
36678926 86530829
35659823 47815204
32488240 52280060
2443650 13704079
2213365 33735624
34704344 86927062
42929725 66796721
34728846 37854870
39265183 49529579
51703039 59790035
45759370 72207385
4543137 7388887
43202842 97110693
11167169 62670582
32950389 58208301
11281146 72313018
46638910 71936181
4641106 10454950
10474009 92060169
12321131 31877142
30315571 32561003
2949838 13979670
8249156 61974575
31667751 52640282
46449921 59702781
37733957 39844936
36576591 40206907
67118726 99035541
1203467 15306325
28087027 82438926
41691556 99680039
14794821 41307214
30249755 70746517
23064569 33630661
10112516 20894205
11503449 26582613
78353235 90798024
1530296 70499905
23095145 85347158
40029593 62861096
16652658 38499042
23239934 80900985
11775487 59043343
11729682 48323036
25416119 67690492
23546352 77797285
3475843 32399502
9875087 49507614
2907926 21690019
18561698 35861570
12561654 55164408
67624596 69355608
50073911 78341002
33784999 72199138
49108196 69042191
61818581 95095958
39935628 47812553
5067131 69711453
8286704 11000898
4668884 42287544
20186871 77814147
1017810 33962700
3295034 62197327
1551886 60509750
16043841 33576611
26601103 71037214
28466470 50613499
4904752 51282692
23063436 26284857
23144007 62304772
8938325 30825885
25510775 37457046
3283911 7710221
16203449 18702051
27629956 29515532
3622321 57144524
7807964 13288491
18787397 87002016
46626202 64015894
7777934 29008729
15585608 73075087
11542052 22740203
22464781 36366357
8946510 76529997
6987237 29536429
3723789 8486917
4628881 40140276
2616512 15540502
3785630 93147573
233335 34987775
8695960 10014705
21161428 55567442
4556015 44796359
36072849 66927419
18342672 60637436
56183241 82565232
35299904 72055622
8778464 66416548
557072 14551549
9056261 42601512
10268539 76617459
22743448 66485652
36449887 70260064
11532030 70478979
34122957 72517467
15639508 45738591
68032149 75450069
12354355 80157848
5254647 17332945
2402359 45696377
2331934 15484441
9580569 17015917
13004250 81622444
9368707 26671659
42731 17232321
288257 30366261
30642006 73924491
10845332 18297132
71589344 90675936
51344850 93461576
8680202 82160538
8842132 22592238
2440295 95025380
73400688 95514962
9651757 75363610
28972382 48984074
35358385 40605358
9926533 85465270
18986496 40517865
30499908 63700279
23898327 91934612
59881945 86270018
17051804 26466669
12083028 19936530
7277720 31486944
23812232 87801116
50254538 68792693
19067265 43028118
2316251 9269096
10033044 45715843
13554778 38723582
734181 45435209
65265230 91175602
48998835 51126735
55046923 98654799
8477080 19233888
10434107 12037061
23720817 38313951
42899886 84142819
11555684 17489613
56269884 89676494
39513146 50952276
26394711 34514879
44255537 47162999
4599604 55862319
6989698 25046836
5469919 36415279
10287617 67008605
602931 9582955
3525986 11543789
31943522 52278369
1263891 56577660
11717721 18663941
1706694 45832643
33626189 40589820
56166273 81080370
15606330 42688745
2019275 41998006
1434259 53085525
25509835 64029498
30110128 50587011
57190890 73554273
44923053 49200375
63205160 91716037
64354846 67796752
15469210 67530740
8630699 14762082
18888491 71476403
31833460 43578180
11024519 47487603
52046962 83164311
14616318 81430097
29814493 88410491
11197021 93811064
9408040 97120614
2046446 80686819
11169083 28976781
8790057 39339362
16522264 24860246
15035568 36102838
550238 4701125
3168878 5523547
10091356 32005395
2180565 2572734
46798572 51275468
42278304 80909418
17896676 48103778
13633276 27197914
49533203 77470206
15353278 76534704
48623062 65470255
15999010 48734108
23572242 61215847
13211376 27508265
72874946 98954584
1537925 90638046
52707474 53690671
27995648 66391006
48919321 53394157
12730295 60645416
9945513 42096234
17587180 19519738
7720787 96149840
2268715 95795139
5174237 37738240
1238602 74846294
34814053 95701631
2181424 65110183
27809121 41285185
2545563 41818345
304145 29551787
20815980 39972950
18162425 47235704
13980162 59456295
31609618 34355384
53718518 78375533
4223816 90650241
22725923 58729336
6924582 19353205
31075737 43236007
17626996 32795783
640416 68261437
38521632 70774288
11782536 44021944
10237695 17484049
4576396 93979998
15669109 77862953
36163352 93234027
56891697 96377096
37387447 92957961
28943991 74457906
21804924 56637802
35232218 38018720
42093124 91990428
2071579 64786510
3590033 59619418
5150962 51234729
73904470 84959825
730471 11832476
25620306 30022012
38446980 84827821
21532001 21620622
18001065 61378404
62718047 78111031
54481836 67143701
20535283 87626324
2007975 17495354
11842158 32501259
8029819 15773205
55896743 61673893
42230478 99305335
61282773 82725849
14775651 60532821
15525220 35664362
26258224 67702853
3027401 36178343
21870163 97897739
56574052 69939314
19947358 22591871
17045451 50073244
2243723 12331111
59398735 93043384
57011150 76082238
38753188 52698352
51146154 70207142
15481233 20721899
8860895 60329753
2970107 66324446
14523607 59757953
65980 69512924
15269205 36951567
76297898 96672271
72349436 83143662
28755101 62498206
87570807 91304896
6203736 7988138
59109615 84363152
72830894 76674679
16630508 34087787
17421781 87255634
13020728 67792471
35729765 69031899
33228462 54998190
20674538 26935304
20901167 55270365
1862657 81102520
48041271 53811710
37264654 64264759
51431084 74179714
16016533 39997360
29869286 93412861
27771051 63523535
39644704 80459266
42500130 65732525
21593638 36884054
82083486 91049558
1064228 35926236
15354869 27191001
62791704 99801302
15766814 72422551
12066548 33510225
3043437 72059564
29141330 49428548
1925674 62061530
75722146 86101254
3687906 11618945
27436931 69459214
9523684 40578644
23491560 37733097
6011937 13917366
43873290 48576963
23747036 43529498
1515381 23328487
181885 62150804
13683582 28996840
13086020 21833710
687377 46259181
34200353 53699636
16807778 23065710
9406999 26237334
6272001 8600508
48275158 88236331
1796601 67115370
60561865 64290684
9057621 88835563
24674793 30058364
28351083 78813020
1669980 2641349
30156346 64467320
10760669 48257789
11827675 39808111
3495300 21630821
56148184 71108424
39243800 39663477
9058606 21181405
38741542 97207139
55889186 96707905
7367728 26682671
47996462 70537537
21073446 55967068
44977670 45115131
8429523 54823942
3898128 74272059
31065876 39816093
67334660 75815047
1875053 84965439
7456121 28050452
17560236 38662250
78789803 85492747
3250637 62970265
14627706 72327728
74147537 77738869
62144689 67177862
18386825 67257021
68096190 93130539
24489520 91245960
37888271 59858299
15198284 50169841
1686888 30245609
10914622 42317533
13194235 52032725
10752661 31468922
1000375 14276218
17609608 28996200
67621783 74739373
6576179 41825714
17275060 86149338
27698306 66968434
25926258 40536152
62358044 75291416
73700123 94078668
464202 6785434
52361160 63049654
5829977 65133960
22186869 55220704
28071000 48980845
354295 8429485
25272478 59602636
49110982 90618515
6895916 31864456
44038403 71595220
75857174 81374515
6524521 17699756
9886765 42801603
38323049 53659338
3435230 32594226
981259 10322620
18549218 42783652
71319517 86369842
731281 34082038
16779573 50446360
77620878 95322336
13765561 55592983
18236715 66750751
78756473 94582374
23380018 51485106
8680848 70619104
23670267 45220454
62544083 90157448
27208969 44923017
44693900 78242015
62317685 67157134
31451830 59649300
42074801 77049078
25540311 36857949
3651676 69419473
5128033 47854050
5165629 31406576
22135048 48303270
25336808 56532632
34516251 90389044
15810736 38698608
24712973 64874942
49043771 69638530
38027843 53069699
6277946 55505341
10015118 65863635
21895840 83887266
1579117 49993345
25966071 86254088
27347738 43039082
20833271 30068147
14126971 62248098
21748928 72941373
64467269 67598890
9530898 30393080
9512016 15646100
8240308 42848662
22036044 38749023
23234260 31956994
70974981 87237050
18493452 86360751
41081844 55796922
16124868 76386587
40932804 64851796
6398812 43332213
43510296 56157145
7200479 94771855
5710082 68409815
5566612 66257359
12062553 50249661
18341349 29589743
12288647 56254188
14424707 81558334
10507929 14290746
11657305 18096296
26662065 34158306
19154966 30039123
6393379 43852851
1737977 7286710
70297463 84036783
47946719 66069089
349068 52877333
20176699 36080021
11397764 30419199
80597563 92233950
10129736 26718695
17298249 30288737
2916944 63981170
33589795 48438275
14897321 74624500
11092911 45032309
67530387 76009121
7373792 19809438
31427880 42742685
15053295 39838396
33377621 63128104
48971574 49771285
9059690 19056124
3969546 95590535
52879598 56802474
13851911 55638931
53986670 74613360
5447358 38068604
10579088 26874012
46214099 64462138
18172172 48349831
22508476 31872976
17227455 78383378
10017870 29506039
33723573 36969902
4972665 38137946
3289911 47782227
73065740 98683658
5983513 80997247
35433569 50291007
10571986 86524537
40407705 53716216
2887119 35624151
9194737 70176713
7547385 87369002
37596572 41146788
3478786 37013690
61329826 67373936
17965720 99205440
28112663 48178934
64784558 75807278
33083978 75457136
41709830 93245212
26602498 95590980
11707319 54735934
17646409 50937637
41515679 48743816
11685158 39638198
14703279 23754776
44983211 98607753
9880534 28307317
5083799 41999116
6085892 21974864
6368605 14850543
35485546 76863621
30753012 37988926
78286469 94757227
12568685 94716728
13388789 24490079
23851337 37620632
5373167 51446091
62864665 93936923
32126758 99736728
1584963 68021408
34990309 74691873
44485337 82100870
3862530 47918923
23302884 56789975
24422226 43019963
30875813 71166328
41052428 98856049
23515627 24463457
29131190 29461209
8512953 91860104
24164320 44326395
55620270 73462622
785188 35179842
67788255 75519967
7126581 56662622
35939375 57898766
20664125 80269087
35452395 37969823
3242511 18687458
15949515 17504756
38936242 57075301
5259982 93061401
23301627 96642556
27744490 55201490
52238376 90225093
6345355 27067897
11929747 43834769
10665208 95056246
11928962 32256104
14056390 26728638
21070287 53776469
70080059 87222209
29779091 62770481
60799530 68685944
39344940 96415913
39697839 97512956
36729270 49824713
66302155 68606948
816398 10328181
33298725 93509401
628307 1134992
4727192 43569319
787585 88955500
54718771 76326959
14831606 74390231
1384552 26972140
48964525 54871109
9851194 36520030
7735494 50653812
9291049 11058454
44345653 57019586
43125735 49478350
63852078 79739903
49240445 73526666
2401500 26900406
70235195 84949388
12090926 52008537
5219643 41137472
12046417 73518993
36922287 67044052
65898936 88049654
11072924 39039056
5348775 31853050
57070786 72266971
20589388 57614589
24408413 63293183
256672 48262493
15490601 47565345
14101790 22916251
31020554 67630592
32867268 63946370
4129293 81840255
42079410 60594211
2337171 33820238
19250904 67429622
586816 29772849
47028475 61129292
75813612 88472441
46703256 58795177
13559165 44499044
44079879 56672683
18466305 19890512
35481787 82398969
5110977 89313329
34355588 42352946
15864691 30651876
968682 19029268
1119970 11503617
4467539 86742946
27294297 99471358
26167333 57698893
36246949 40811389
51953429 77472685
10628990 33265529
635843 17953965
24501916 97314005
21931986 91045995
26743119 91620186
11969820 55410325
3912687 59967841
15186285 66184734
24816239 41994555
36250232 37049043
2561673 21259572
9137439 24524868
54382858 66530194
6375622 41880134
47706562 78435873
17281562 77289967
29343876 76999676
5523598 10746734
60900312 78491001
13224416 14742555
9541069 80184016
26142145 67665825
6298993 21612885
35376108 98565383
29195872 33919691
4311245 94949040
40269190 95439529
13158269 33772951
3146229 17036765
46575528 64820558
34692471 60939390
19837132 49294329
4189512 21039425
16332503 85672727
26641276 99289617
59110312 81429765
32131397 48416314
16932552 85318799
7043857 8447945
3151520 16153797
8005869 20948250
23867300 48145360
14669981 15543374
12486232 35892631
13991300 20744091
8512363 24342905
60875 52664074
33343488 90590779
15817519 18660459
11709799 77182781
54652823 60080615
60302911 86907803
31000125 55254916
48411017 56250274
3065631 88577549
10937066 87812164
14577444 44598501
48451118 95649450
1258652 54088880
20362383 73716182
42474571 63379647
17413782 28122921
36542959 98009055
6825028 82240514
50430899 75189285
13248630 55630715
6563762 49273365
2891150 84458534
22935008 68313747
10456183 61362613
10798711 44504222
13631388 32225215
7370090 7586381
8683714 92607942
16489079 70006046
25240537 67300453
29505373 57229246
4000161 59126739
58129471 98250974
24314761 63099523
14400129 32085632
7296172 36512559
30860275 89333043
24904595 60576010
12751395 51492781
2736028 3728346
1332292 48830215
13934918 19502089
39057200 61030108
7299815 84184038
32012776 34065832
2870028 60260541
40862866 71970146
18748608 86718374
17592249 46614482
30126081 52708016
15100046 99677676
56685962 76668950
10770519 89274258
49549634 80769266
2317499 30997121
36725035 36861346
4448789 59381934
9331121 87969394
36311252 92408516
9938136 37620245
43490711 96025624
4602149 40569135
18504586 75914077
24850473 90613304
6861175 74916735
26168504 85455022
50537041 92951920
20383185 21599923
40167606 95917274
34503634 46401804
28065618 75073961
22738811 92308346
11949697 17360307
53492384 56051854
15932037 18947529
2908028 57871930
23859273 69782674
1218644 43227032
11417037 43183221
3427030 66983383
4093582 93204735
5350390 28697851
45674524 62372352
37157020 60914325
909547 4266890
21660013 47284346
40819914 96279381
45502163 78948490
26379077 28875815
15453772 77465286
818454 26023188
1641179 15304290
26555520 60730822
20564138 78299642
25777098 91062784
72491013 75020448
28198651 28812289
35656754 41212194
1205620 59373180
4216085 37606982
3735015 95148040
4023442 92336494
32556510 38744997
10307046 38259548
8111869 16393735
43598589 45808111
12775450 39095584
9810488 23422667
9326003 50811657
44158393 70829631
48634788 56364502
2130442 63714582
63466559 77071382
24038703 31704961
10352446 25044708
7160622 20078428
87581161 90502529
2261541 69975396
23778345 52268237
44938502 78589946
2794123 76025747
8758730 26680781
10147353 57049142
58946174 65293641
40204774 55608812
51903 84327744
64102576 94136666
41064470 72640320
43715053 60782148
7911799 90743416
50322932 93176997
84649973 94517108
11650518 79901299
58576364 62023323
4588400 96601658
5001577 66005448
14986034 35500103
82718826 96055665
12722052 89752068
15967703 35279007
23319085 82621797
7646363 41953105
8231137 22940779
6739813 97284342
16523168 80952182
6963014 58503700
19701999 32814157
14579004 39273202
34207666 97298862
31262389 52540805
58376768 64736160
32940910 83529044
45722579 87782259
34753768 49164547
44908708 73420238
63102320 91735587
45603018 47854049
4299052 31179885
43778527 81935883
35102025 77238196
56783542 95010440
26507853 54144673
6442570 46192643
5609920 7428643
41472143 49662012
23632984 71490561
68891267 93599762
10185224 15898759
1068547 41334906
11417710 30105724
28067896 45093281
8471081 59019248
3587790 26625816
19613928 53735998
6490743 92030097
28418433 71911371
43987892 59239616
3781945 80853479
5331092 64664811
33764655 64342382
26629716 46989100
39761451 59088085
19646325 45981527
4971804 33747664
13501637 80379848
34069059 60594881
25180569 27037529
40479227 93748580
27084360 79168422
34708883 56203471
3138522 22043596
5533948 75045315
62547463 93500255
2348273 43253628
9469090 13846492
25631277 67072888
65674173 97557491
28978837 94315445
16560961 51369794
19176597 47899777
21636219 93272560
29563294 62159043
27204836 68707523
32135393 32552272
7493479 33531778
45838952 67643011
34382960 38953617
3083818 59189194
19773807 72910915
37878564 65932971
5245218 74382173
35348863 88666619
24621494 56536417
19947580 53003160
30959890 41234829
3038092 17992967
13064200 28748601
6485118 23023873
51623704 56994521
82496296 82864585
43120722 90574544
6650122 96204367
40154725 54495579
628020 12937067
14682311 35029497
5974323 37982965
44276434 65134228
44760513 62301533
14650328 20961504
8551747 21054161
19209337 68139737
21654553 66155760
85425889 98231264
39193727 83293016
28757409 37173742
2433526 39854756
16097115 78574922
16291527 96766837
25765306 53456402
48750843 90862860
61190302 72321282
31723763 86693191
12361380 36157307
35283816 65299347
48228288 64441654
9817101 40961186
2099865 83144275
59658179 64204514
31624358 79756020
