100
15 470
817 298
-32 -466
531 -793
607 -222
-931 -56
890 374
43 152
14 -233
807 -84
-607 -496
98 -522
-343 907
-84 324
407 -744
887 62
324 572
-293 -165
220 -592
617 -106
67 -737
-249 -482
576 -311
-828 -546
321 428
935 70
-584 -809
209 -186
680 -342
-692 388
771 221
-674 339
-189 824
-818 158
-116 433
-564 -309
714 538
235 245
-47 -646
29 921
865 -480
15 -529
-520 767
-92 94
-92 381
161 630
675 -543
147 -28
158 -723
-174 887
134 -444
-213 -464
-665 -212
-312 320
153 486
-774 342
221 898
443 515
-760 619
-576 -188
-433 -589
-828 116
471 -627
-150 -535
259 -596
-710 -355
236 -775
771 552
621 552
-700 -119
290 553
-243 963
-551 -636
858 -480
960 83
-787 -411
-199 -824
182 117
277 431
-265 701
636 258
-445 -420
-700 -103
602 108
197 625
94 40
-178 614
250 -345
-518 -551
640 -351
838 262
912 30
-278 442
-608 201
-678 705
-560 -696
707 -599
744 -323
-314 -329
58 388
