1000
1000
37 688
419 48
585 879
14 183
814 476
798 734
987 722
336 69
402 117
976 905
307 961
241 726
178 659
45 268
327 711
316 114
85 553
921 710
38 688
962 327
55 752
840 789
89 466
671 992
988 621
922 533
801 541
375 974
303 666
789 558
745 216
844 404
39 67
256 496
880 294
153 4
528 30
76 732
249 579
216 743
627 946
749 461
253 203
372 789
514 372
401 49
467 747
45 783
41 812
712 715
35 194
455 424
662 317
920 519
617 675
403 365
906 901
879 662
909 48
107 418
431 763
180 109
710 268
112 84
623 323
342 506
569 590
252 376
772 75
56 432
981 568
682 978
802 247
495 941
154 878
970 691
567 274
690 434
332 944
251 215
706 89
964 835
687 387
440 227
67 220
429 82
768 276
518 780
684 700
549 925
514 200
868 12
326 799
761 49
832 146
684 165
606 553
161 496
737 193
434 921
645 117
253 407
48 21
390 50
309 929
758 75
656 224
222 365
2 681
488 308
351 445
651 999
25 108
283 112
205 318
163 981
496 588
5 676
530 225
795 141
827 554
603 675
388 861
970 313
779 716
233 891
667 618
404 861
59 103
445 133
719 777
74 508
498 907
431 482
566 517
245 486
779 151
334 842
658 727
564 995
731 157
623 808
202 643
213 973
192 839
529 838
48 287
126 180
424 801
539 749
147 727
266 597
94 246
963 518
555 141
974 129
826 705
550 395
17 702
364 636
301 571
179 333
101 268
795 256
932 449
606 728
903 889
402 62
94 321
270 473
307 126
683 12
918 518
172 318
814 181
156 227
652 505
809 554
927 843
75 571
576 485
171 0
108 239
211 550
491 811
799 306
286 405
692 518
756 205
913 570
936 668
906 203
901 802
596 263
717 839
473 538
798 996
41 471
674 217
267 805
387 101
860 446
1 407
515 100
976 829
462 474
366 955
946 99
98 576
483 53
801 786
11 148
930 519
289 377
155 466
160 651
274 532
531 146
104 263
185 787
106 907
774 680
728 35
624 528
679 894
179 341
652 917
229 971
195 49
252 281
746 832
495 990
38 398
652 491
386 808
247 190
567 407
70 164
286 106
302 179
475 775
159 376
881 166
182 156
709 31
533 77
280 365
892 802
952 944
831 391
781 579
764 494
666 751
836 233
947 569
360 823
704 193
662 233
241 175
440 428
475 363
3 984
234 316
990 145
680 371
441 587
361 816
315 465
605 816
824 521
254 28
192 305
977 74
695 816
626 283
88 90
390 398
794 550
723 142
440 155
279 831
621 647
340 464
992 447
473 929
51 990
396 291
208 552
295 296
28 857
69 538
729 27
238 941
308 652
505 500
909 46
195 431
273 965
73 168
406 359
252 872
800 932
198 366
833 566
49 693
199 915
746 687
478 697
698 249
211 494
976 252
82 110
264 228
69 766
54 280
680 702
815 879
620 963
129 468
509 429
22 50
510 379
971 181
969 139
335 35
434 609
175 464
657 718
715 235
444 103
919 853
456 554
923 640
325 32
297 13
693 301
385 106
30 464
201 177
350 969
609 461
173 856
780 402
349 319
164 418
598 855
444 641
890 569
230 294
996 413
450 620
857 419
703 551
592 216
33 530
285 383
866 147
893 427
110 539
888 439
620 694
499 731
547 106
652 981
279 436
978 708
979 111
489 98
930 32
796 507
202 802
954 154
348 163
321 836
126 549
21 683
484 936
879 267
284 409
932 603
506 112
882 849
913 514
94 734
409 147
7 36
588 258
51 631
182 32
451 929
427 308
509 734
544 967
235 828
854 416
431 825
235 825
584 94
923 56
191 798
877 445
356 333
208 864
788 745
391 732
543 881
255 897
129 354
982 565
832 607
595 695
368 614
682 526
228 32
320 169
314 839
459 432
739 755
222 291
891 2
884 692
122 190
492 600
674 381
368 462
698 624
988 519
479 517
953 622
222 578
58 489
14 487
671 566
818 487
929 912
602 488
463 796
979 689
659 903
952 733
665 341
628 729
651 862
11 658
45 974
238 975
727 854
858 448
421 255
20 541
769 804
678 867
822 380
171 533
920 496
789 405
224 839
183 599
346 403
731 740
846 894
217 794
562 306
428 506
6 866
540 759
325 745
394 379
541 233
20 209
79 273
22 471
789 546
688 739
973 522
921 44
134 147
364 936
436 88
320 525
116 713
335 810
316 220
538 844
96 599
113 530
579 329
508 83
493 6
236 481
575 305
376 427
578 954
148 628
865 649
149 444
827 67
131 191
606 414
414 662
849 172
304 639
505 963
118 470
861 716
683 989
334 539
410 328
736 987
307 427
2 639
543 282
612 150
417 229
196 216
843 806
57 101
712 5
584 679
738 941
808 125
653 251
574 713
850 761
61 370
842 216
644 912
146 138
329 140
449 76
232 218
161 832
864 989
722 427
180 180
271 882
639 635
535 86
757 23
40 319
891 683
20 209
228 525
619 185
229 166
249 715
996 715
219 871
306 891
983 31
301 376
634 756
50 602
481 138
489 364
838 173
458 956
375 944
830 738
637 678
954 309
603 956
913 706
383 634
311 314
412 271
595 379
761 106
129 336
413 883
514 337
621 73
885 675
705 292
167 15
891 948
536 605
65 436
548 893
538 410
694 219
191 931
348 503
600 553
352 98
15 622
718 245
278 347
183 778
75 448
599 22
88 403
398 43
951 622
609 680
81 64
165 23
766 121
489 266
118 796
587 104
738 485
127 94
216 900
257 655
814 937
125 628
952 533
353 565
347 808
940 175
925 42
321 591
850 279
589 389
293 610
94 522
800 431
909 593
356 215
899 151
519 612
382 906
219 902
606 65
102 117
529 188
502 367
651 245
421 173
856 797
122 852
522 473
182 246
370 155
136 356
794 562
49 655
653 132
644 155
750 392
830 499
505 234
755 639
537 758
724 898
142 617
617 453
909 32
633 545
958 896
509 960
518 640
534 574
857 784
996 14
770 347
913 733
135 531
145 37
247 358
269 877
936 179
804 425
688 227
666 771
263 634
943 248
536 588
363 207
556 546
61 278
44 684
497 425
829 997
650 320
943 724
830 861
371 17
727 857
679 39
560 195
14 891
423 15
205 62
197 718
952 300
638 827
337 110
494 10
136 258
761 821
677 989
448 930
220 867
444 917
94 401
360 915
81 893
448 635
771 172
958 603
888 137
545 616
806 286
581 753
746 638
486 455
390 740
430 491
895 670
29 850
536 201
877 859
474 566
34 62
371 480
836 681
846 348
612 680
999 826
202 743
491 168
347 713
916 17
348 280
450 568
572 980
997 278
686 781
345 543
712 825
35 4
285 104
952 426
689 132
855 296
566 900
342 581
385 664
979 312
41 362
578 907
179 708
861 427
129 266
985 157
530 33
681 212
27 348
969 70
637 162
702 216
646 972
411 313
154 957
191 570
610 127
616 237
969 515
902 393
313 725
827 447
48 374
118 26
47 220
302 180
335 40
260 60
184 534
951 502
723 818
59 190
425 296
538 310
81 957
286 877
112 397
445 152
346 112
46 822
598 855
998 861
679 113
639 253
685 990
355 991
679 50
977 25
122 918
960 81
665 672
567 531
164 351
551 718
17 90
57 428
196 714
742 418
577 805
341 175
420 571
158 325
123 37
232 379
599 368
139 709
890 373
693 960
873 481
1 289
169 730
631 126
626 587
862 363
956 620
256 158
426 338
35 753
672 737
1000 10
24 351
973 556
940 854
999 724
408 513
789 717
429 32
140 650
935 594
325 409
757 140
667 487
507 178
799 225
459 690
348 130
827 899
999 185
13 984
214 335
706 997
50 554
936 572
848 189
437 181
740 472
937 23
246 402
229 809
409 398
132 12
234 404
706 375
397 367
324 712
455 257
468 315
62 57
347 506
907 383
714 123
356 671
469 8
57 93
927 773
959 627
855 398
507 948
623 465
984 71
104 64
230 911
159 675
241 185
834 568
360 326
610 522
62 329
339 911
553 707
701 444
687 976
308 120
907 334
807 187
222 471
598 146
440 666
13 113
145 601
83 70
143 566
237 810
387 972
554 625
580 341
416 22
971 206
685 31
61 585
752 887
210 945
68 141
375 847
27 495
471 669
298 902
81 103
972 746
504 329
131 122
373 45
702 535
330 786
699 558
492 178
218 237
689 74
792 310
713 732
965 511
58 460
197 532
889 391
456 417
223 331
105 453
557 825
955 842
422 886
574 709
610 43
229 239
42 640
62 991
528 553
356 685
886 744
16 7
174 336
598 239
997 115
528 746
149 638
338 625
48 380
54 69
717 564
77 222
291 631
186 603
280 492
495 364
75 997
502 950
432 298
572 954
918 17
466 207
556 395
779 400
146 843
395 802
4 577
319 845
98 237
489 641
823 687
442 725
885 396
923 564
51 90
818 636
719 580
1 120
576 958
970 506
800 555
372 649
556 370
775 91
768 850
310 678
398 229
23 775
718 824
59 630
309 978
39 683
774 549
229 850
397 144
370 113
229 500
272 930
344 688
535 276
244 67
6 366
