1000 832 20
485
570
258
408
387
88
472
826
949
232
205
210
434
250
443
906
641
479
591
761
156
818
528
464
44
780
808
351
580
61
747
519
633
899
873
209
602
560
774
633
55
34
696
647
361
169
957
487
597
544
192
854
387
510
683
320
55
267
1
877
308
376
621
562
205
429
266
223
394
873
770
843
443
64
131
118
607
778
185
544
808
584
179
338
981
102
945
415
276
688
492
637
299
74
142
123
583
252
275
598
995
852
48
500
406
65
374
898
555
436
443
388
656
597
976
379
811
281
670
18
671
325
38
702
786
294
43
686
76
914
734
899
838
257
317
632
862
519
515
225
697
423
199
384
26
880
11
868
768
311
827
322
252
720
36
424
998
579
292
97
906
469
191
864
280
278
481
712
390
105
856
121
567
919
288
704
382
365
325
568
932
236
193
215
969
549
386
849
197
796
168
90
893
169
600
647
432
902
705
666
221
21
961
818
966
183
655
3
658
646
174
845
333
354
611
469
771
544
922
911
501
322
414
863
852
724
670
826
850
505
857
527
865
205
80
138
520
457
173
22
673
329
361
365
243
44
533
333
195
180
911
784
463
210
76
496
667
371
163
337
911
581
191
151
596
743
575
811
147
337
421
637
140
744
739
623
246
236
190
426
60
503
984
664
537
248
698
255
645
529
899
748
695
438
198
956
354
871
546
438
210
150
880
957
960
467
586
723
671
513
901
472
65
529
140
721
950
159
493
249
318
900
120
113
4
689
191
437
285
442
981
257
541
627
471
863
160
879
560
556
514
258
216
23
532
631
918
136
320
261
16
995
937
160
280
491
431
281
254
34
344
355
45
666
793
541
255
978
989
976
568
815
314
72
360
741
446
491
335
335
689
70
145
989
734
35
195
743
772
160
640
906
309
87
573
22
263
957
612
47
194
118
582
173
632
581
460
2
907
405
430
662
946
891
364
921
229
417
328
615
175
680
77
185
743
108
105
307
589
585
163
714
796
667
812
366
341
145
565
663
548
943
289
641
948
590
949
144
80
831
795
805
6
147
880
330
394
169
775
284
384
207
358
717
241
503
689
48
821
147
388
503
622
472
179
255
926
629
32
159
270
511
25
412
539
923
24
936
723
968
413
226
510
148
998
367
734
900
107
334
119
642
109
471
636
133
590
607
604
180
419
741
366
36
364
175
655
902
769
392
313
526
354
200
379
79
511
610
466
595
241
526
73
50
463
923
342
935
674
26
132
864
521
841
234
906
270
235
415
628
199
440
631
125
555
652
286
120
177
357
485
805
867
876
164
355
618
967
208
519
486
490
898
726
426
708
274
682
962
435
886
328
865
879
390
214
318
958
461
459
645
809
568
357
127
329
611
668
975
441
684
133
626
309
229
696
521
277
348
986
706
278
60
476
435
387
687
879
488
500
542
303
486
263
757
364
27
139
264
752
476
735
183
680
557
442
566
961
198
153
971
685
780
182
977
465
966
660
834
385
764
24
883
844
731
156
636
817
373
278
184
700
827
176
41
597
331
523
157
714
497
152
13
542
632
957
552
295
376
977
591
562
872
752
155
583
63
329
886
923
811
38
608
273
789
584
241
383
630
203
595
154
765
629
798
473
26
474
994
997
579
358
271
313
217
153
306
271
898
458
147
683
782
310
375
763
107
33
385
482
867
783
164
99
28
706
7
492
321
602
974
586
115
744
414
23
583
450
273
798
725
969
43
176
847
309
801
753
468
787
837
455
159
459
464
666
884
142
572
101
441
752
650
338
362
127
316
812
674
404
234
45
876
328
593
576
736
203
449
275
869
761
505
302
55
205
357
648
498
186
66
718
943
852
802
188
579
954
941
693
429
672
755
378
246
900
333
468
770
553
593
870
978
47
549
504
207
634
681
91
87
128
947 2 394 511 
25 14 630 735 775 895 977 989 992 994 995 996 997 998 999 1000 
762 7 978 987 993 994 995 999 1000 
932 19 111 863 896 941 954 958 965 977 981 989 992 993 994 995 996 997 998 999 1000 
926 4 690 830 947 960 
727 5 437 717 767 887 978 
647 4 608 797 944 996 
368 6 532 617 968 988 997 998 
411 9 591 816 983 986 987 991 998 999 1000 
734 3 23 876 927 
543 6 812 864 884 950 951 982 
996 1 487 
939 9 101 682 915 984 992 995 997 998 1000 
935 8 584 763 779 827 946 983 998 999 
786 1 44 
940 17 328 650 670 906 985 987 990 991 992 993 994 995 996 997 998 999 1000 
887 17 274 489 930 983 985 988 990 991 992 993 994 995 996 997 998 999 1000 
910 18 50 634 772 851 945 951 988 990 991 992 993 994 995 996 997 998 999 1000 
182 16 778 905 934 968 969 982 984 992 993 994 995 996 997 998 999 1000 
529 2 290 314 
