1000 9700 487
361
530
890
508
354
917
141
995
759
843
448
861
109
87
91
971
370
430
294
336
281
294
892
134
239
387
771
35
933
9
635
13
41
843
580
659
83
371
797
606
450
466
958
382
741
584
12
709
849
378
992
803
777
154
889
705
570
739
243
114
514
103
663
884
430
216
866
21
888
509
805
326
531
153
852
775
348
474
770
70
619
167
843
656
408
935
545
604
670
691
744
563
714
432
541
896
77
490
505
78
965
469
598
250
657
765
258
407
691
198
277
966
84
560
302
896
983
324
451
444
169
129
151
877
615
497
861
95
466
124
378
16
131
79
952
900
81
434
337
719
275
549
794
46
327
290
126
482
512
264
120
750
16
943
608
740
503
869
979
858
906
235
307
697
1
848
951
716
399
587
55
916
912
628
596
587
571
902
101
44
533
809
884
715
332
340
630
742
336
586
189
46
302
619
861
376
558
603
669
25
741
765
595
987
867
383
658
678
581
980
133
841
276
580
755
812
268
962
378
377
749
137
412
464
942
389
472
131
796
817
704
698
57
347
673
421
894
723
718
124
551
411
672
456
811
398
567
375
835
163
601
950
55
962
724
819
22
792
19
104
856
206
582
324
13
441
435
149
72
913
491
363
14
991
937
932
251
664
714
194
222
552
701
75
498
340
969
46
90
944
598
652
16
914
520
982
105
630
945
505
846
826
359
175
249
159
27
815
295
60
3
230
620
395
213
321
738
987
260
396
654
12
451
744
664
184
985
203
244
961
783
796
261
398
951
120
330
873
943
880
45
535
523
642
338
814
658
102
997
683
253
473
350
638
569
431
112
30
265
734
732
75
219
625
359
437
835
281
425
693
35
71
237
27
151
771
726
58
581
69
96
484
71
248
220
979
779
420
539
167
435
364
345
573
491
769
606
814
970
216
279
856
474
753
499
423
427
289
431
697
949
802
909
614
336
192
324
185
860
39
970
383
672
668
143
501
203
106
344
311
604
510
234
723
55
706
962
262
842
832
514
270
223
495
662
394
624
26
549
813
822
791
43
884
359
862
87
410
15
576
36
604
202
161
7
644
947
136
134
469
951
108
495
128
38
139
1000
833
595
799
224
785
340
962
927
365
58
54
657
685
584
502
4
212
737
858
747
700
971
833
621
331
603
116
388
588
508
626
573
853
877
640
61
419
47
395
602
533
143
801
24
669
256
751
929
460
604
546
543
80
209
490
510
201
630
512
639
572
216
756
132
278
578
814
265
631
878
834
40
589
275
275
739
39
813
686
997
421
945
645
360
651
622
989
236
96
157
26
692
458
739
244
862
419
547
282
988
368
72
82
723
20
868
708
366
588
529
97
629
714
213
674
939
640
853
984
627
992
40
254
328
446
210
419
740
708
102
76
357
786
169
684
930
974
476
2
911
480
45
482
132
451
366
720
407
908
973
839
587
666
293
906
105
424
526
581
355
776
650
485
801
356
949
30
731
963
527
948
244
640
151
555
7
33
161
81
295
713
780
561
486
674
464
553
173
756
445
973
929
298
42
226
873
888
952
655
955
49
591
733
753
168
429
778
934
505
722
392
220
357
68
798
694
704
523
118
919
949
975
880
288
397
889
955
506
216
497
332
542
639
336
204
807
311
789
818
629
561
115
25
960
70
810
677
873
422
124
397
833
730
270
160
786
929
616
896
246
273
217
523
55
933
811
255
838
90
391
662
844
675
588
907
690
306
808
13
63
962
700
22
373
692
704
601
625
443
338
770
142
534
381
379
539
345
302
422
17
380
731
222
395
191
950
143
132
6
167
364
230
413
155
983
427
879
502
935
937
705
628
598
429
911
324
664
854
741
711
202
183
213
675
992
699
216
937
339
854
493
875
489
285
266
44
389
191
362
649
360
463
857
954
173
809
400
43
428
478
578
753
368
266
65
832
882
390
145
737
245
326
459
848
228
87
343
86
308
742
208
51
621
991
984
421
359
217
336
1000
11
514
752
55
723
373
663
384
303
975
796
740
52
705
800
796
308
126
182
384
115
203
995
288
101
201
708
153
125
452
55
856
156
494
867
318
577
844
505
277
355
429
298
95
617
129
660
27
374
334
209
459
963
108
144
11
495
66
403
94
696
85
994
301
328
402
652
742
249
341
545
55
644
624
826
276
935
298
336
806
763
836
401
650
740
543
995
938
507
104
547
49
762
589
312
241
715
332
619
817
321
769
506
535
264
481
283
594
67
711
571
193
118
616
690
321
907
765
244
981
379
749
664
246
383
977
367
776
467
695
465
471
176
344
904
149
145
992
809
796
530
789
211
691
523
804
13
750
101
574
680
905
47
636
46
52
901
629
37
594
517
14
27
765
59
530
819
840
950
540
745
224
620
833
711
391
194
715
865
763
430
156
991
810
351
849
180
289
621
233
221
925
58
108
618
64
282
462
804
37
765
940
335
337
290
952
880
922
6
491
718
389
220
191
62
784
538
263
922
543
564
825
95
715
999
712
374
364
288
248
163
612
37
672
305
511
394
339
97
226
764
922
518
661
423
17
293
574
748
17
370
790
816
395
887
986
296
981
753
129
341
273
452
777
773
232
676
862
992
162
53
466
918
103
703
275
220
72
383
231
201
170
828
589
646
295
723
663
128
455
748
12
921
824
94
114
601
856
164
322
424
808
378
343
162
152
666
321
986
255
237
805
543
104
762
315
549
762
15
413
495
948
669
35
625
600
438
918
455
401
649
435
43
736
751
963
848
294
785
985
419
542
258
846
171
795
78
901
292
329
948
676
432
135
290
629
553
14
309
117
437
212
709
581
797
980
908
453
566
251
881
510
826
298
360
823
351
31
354
646
502
698
35
260
207
560
794
788
182
924
80
583
55
931
213
784
16
411
137
724
691
560
341
232
737
975
20
808
756
276
390
480
651
165
261
164
811
501
736
862
99
987
161
852
912
264
809
419
347
492
665
216
151
825
43
444
32
438
530
58
862
151
403
162
397
584
362
198
417
558
794
902
915
188
299
306
56
519
355
237
914
100
85
601
33
343
313
830
457
78
359
640
5
386
192
760
985
520
719
846
107
499
954
30
131
978
797
976
483
538
195
894
540
76
423
31
118
245
341
888
611
308
722
451
135
84
393
563
420
666
578
626
480
890
801
927
571
841
109
595
941
826
42
973
649
564
559
953
818
223
997
593
3
754
409
225
762
887
113
408
308
359
361
139
318
705
97
127
909
708
888
342
862
305
878
484
968
626
505
642
211
939
9
789
369
289
908
905
194
134
694
481
696
51
979
900
937
859
611
904
671
199
912
91
170
73
164
350
978
790
980
224
904
651
343
616
306
763
895
563
543
623
751
840
99
844
116
763
925
344
492
854
922
454
653
948
435
252
778
493
131
571
136
819
106
76
745
655
850
74
111
151
340
517
747
547
749
922
456
647
282
851
145
618
4
490
873
992
338
319
244
343
283
560
311
461
826
810
60
35
247
572
915
680
282
355
567
931
604
770
707
336
2
403
745
176
505
648
275
180
173
921
634
574
376
372
708
515
822
367
867
384
528
53
382
369
377
987
201
666
375
734
757
888
525
84
720
578
395
64
112
430
316
6
585
197
773
734
592
227
391
768
1000
371
640
38
595
993
786
924
445
799
821
861
209
874
744
51
365
577
507
817
862
612
864
174
641
796
846
393
20
964
907
860
834
732
580
552
731
654
863
149
436
686
18
688
147
153
866
242
664
899
315
669
787
379
559
261
557
838
134
909
161
38
884
447
458
335
376
287
737
257
28
932
541
426
797
578
534
87
233
566
244
792
922
582
578
875
73
750
493
383
445
68
392
826
534
505
136
917
874
287
61
688
681
28
24
505
635
704
364
661
979
641
274
768
263
871
309
987
568
987
97
917
244
514
170
71
760
683
875
881
695
644
61
512
319
230
53
531
806
732
283
434
726
29
225
827
841
587
552
386
881
725
954
658
462
65
253
752
158
30
122
575
876
518
515
700
306
609
454
234
632
7
280
573
262
61
273
742
910
55
619
973
821
378
298
327
841
109
269
252
577
427
825
646
614
562
191
795
581
632
765
236
707
649
338
114
955
791
430
516
948
874
382
145
891
74
312
608
930
485
688
899
611
291
2
519
576
664
500
286
107
914
449
305
824
94
792
146
4
41
788
365
306
499
166
314
841
563
869
74
685
14
135
342
163
137
1
561
956
441
763
837
933
525
511
376
784
940
210
462
106
106
762
418
467
935
121
313
166
540
309
194
5
402
612
60
987
3
90
365
202
848
987
346
495
995
767
381
536
556
352
130
450
365
610
255
811
414
961
669
190
496
546
955
876
57
240
695
383
131
49
57
732
721
992
571
437
951
460
635
392
319
349
370
771
727
984
553
83
387
202
510
893
971
532
500
425
902
321
643
600
175
438
12
755
80
490
564
877
640
287
362
43
57
497
640
176
492
206
275
736
667
612
290
378
426
394
602
686
153
285
271
514
91
775
304
80
401
510
392
372
33
742
954
919
759
633
695
181
5
712
387
84
23
76
193
638
797
439
324
595
480
616
299
522
149
347
165
659
623
466
794
473
368
394
365
507
22
617
473
588
657
44
971
531
195
704
771
945
809
589
350
126
187
643
74
36
816
556
71
844
234
956
466
741
878
576
141
246
935
926
726
837
935
796
84
18
546
55
746
800
93
816
196
643
68
199
961
895
394
49
795
35
23
219
389
599
171
214
231
815
928
988
417
111
288
980
920
28
822
370
978
343
154
462
514
111
463
34
540
284
213
221
51
399
632
424
739
434
527
71
214
991
197
416
727
774
865
496
989
409
775
328
471
777
667
613
716
325
763
77
67
721
509
293
690
368
286
328
375
754
454
141
489
167
50
979
822
111
804
621
696
683
375
600
805
627
446
290
215
726
371
106
386
758
539
297
66
373
146
558
164
644
84
461
731
861
262
89
135
604
270
299
857
644
274
946
992
119
202
951
403
460
575
897
76
278
951
506
649
987
862
747
291
587
209
932
965
431
32
696
16
966
763
510
832
128
771
378
303
973
423
441
563
463
490
873
685
953
392
916
952
493
572
974
42
567
274
352
719
30
141
506
175
144
237
57
818
663
978
682
961
598
42
161
906
943
441
309
43
644
36
318
688
671
639
1000
64
642
479
974
866
20
314
379
67
781
132
584
955
505
87
171
639
761
759
622
730
758
82
729
911
941
677
474
800
672
617
325
15
75
724
546
579
8
770
136
993
35
347
68
32
166
664
714
875
930
589
687
70
812
708
345
940
895
153
669
575
879
561
883
491
96
14
111
683
726
695
611
241
102
153
727
276
509
736
997
80
913
331
83
303
678
270
32
998
261
495
220
145
122
332
326
58
464
706
157
583
972
545
58
203
524
767
355
63
530
554
854
489
349
798
723
494
22
401
437
636
738
708
696
738
124
194
165
81
613
794
647
866
196
311
432
496
791
943
130
35
513
205
399
629
273
581
246
254
799
850
774
411
398
814
885
465
944
392
153
346
331
160
88
540
410
16
526
967
524
666
531
557
920
73
348
813
52
855
923
640
42
886
768
634
377
179
926
863
764
633
356
707
908
934
984
210
933
758
594
210
635
260
969
717
122
642
801
884
119
625
820
185
688
465
308
385
416
566
805
960
218
964
415
346
958
282
858
248
585
146
749
613
971
345
363
121
538
321
412
401
645
348
779
48
676
295
501
838
820
544
565
577
56
553
247
768
426
230
9
687
950
146
510
721
645
905
281
517
72
401
534
990
267
225
153
197
166
201
171
459
542
716
811
689
379
787
674
935
481
354
503
250
792
689
255
907
678
194
981
835
310
107
517
326
77
834
580
594
112
145
193
628
400
482
574
139
617
513
911
642
942
390
425
791
747
901
625
914
944
837
423
522
487
901
317
39
577
418
462
618
836
28
791
427
606
615
19
931
253
978
783
324
308
487
989
167
791
161
91
234
511
155
772
415
827
959
154
387
451
392
642
21
421
154
855
977
530
229
278
825
512
252
339
190
47
233
747
358
159
255
568
384
919
756
39
649
454
274
562
360
61
292
803
460
662
959
308
854
560
294
40
250
620
500
292
751
935
449
901
553
547
165
919
663
102
189
502
842
98
604
496
205
977
38
965
110
450
706
5
531
544
680
345
846
492
488
742
477
148
650
903
473
267
506
535
638
240
722
425
639
406
368
851
40
608
597
734
674
782
29
111
595
742
628
540
607
131
390
660
392
262
628
80
318
293
622
528
409
647
394
390
478
834
262
182
586
774
358
910
710
292
309
256
151
492
932
424
988
957
528
875
595
635
260
35
927
251
326
228
281
234
879
617
884
937
708
81
352
658
516
751
590
363
862
953
881
349
426
544
674
721
402
389
861
659
591
597
992
52
938
843
43
859
695
561
555
942
984
399
975
647
853
493
633
919
233
796
569
825
580
740
312
502
88
685
663
660
673
213
490
522
760
848
162
45
143
772
145
955
593
706
693
428
39
19
219
764
456
500
478
873
706
728
826
7
72
566
214
577
73
556
780
85
656
737
680
353
882
797
797
17
800
696
977
550
662
118
527
231
393
73
542
722
537
501
108
605
809
591
528
162
265
113
785
534
682
778
781
584
791
802
182
934
786
109
149
166
496
545
340
511
116
522
5
982
684
202
556
771
299
5
611
182
459
840
618
956
353
560
618
432
831
47
198
200
860
255
795
396
926
255
553
678
539
788
150
22
775
517
284
424
477
766
146
857
197
381
562
831
839
652
48
411
347
19
388
29
638
747
195
372
512
960
656
121
65
323
315
281
425
674
321
688
519
208
261
322
69
571
426
92
325
507
679
470
852
622
407
131
422
578
976
69
6
258
519
667
183
262
613
183
716
750
507
434
798
286
157
603
673
241
967
564
181
511
36
400
192
621
340
988
370
540
150
592
397
670
168
476
615
749
370
742
296
396
60
34
897
418
582
877
791
952
68
59
9
177
201
338
917
826
843
602
898
705
488
279
399
428
725
703
12
452
137
619
577
314
465
908
534
30
758
923
225
395
619
621
689
1000
722
744
551
812
660
885
86
625
732
539
665
397
596
210
583
244
725
878
617
724
4
977
110
913
410
237
794
325
702
718
951
564
477
391
650
677
717
82
139
651
540
686
204
924
792
177
28
760
54
652
141
574
468
303
614
731
489
984
208
525
232
292
848
898
436
646
282
179
799
81
817
697
559
817
712
786
153
935
120
759
15
120
153
869
88
744
215
31
442
788
228
287
507
721
841
828
142
793
474
328
958
242
427
146
932
955
969
151
513
328
222
490
688
948
78
90
404
459
563
151
800
985
709
228
939
938
712
96
494
683
82
631
392
716
608
345
839
739
542
627
993
836
60
512
321
19
865
146
639
802
244
947
497
632
88
955
686
787
30
773
129
923
933
866
303
658
425
769
600
618
903
58
726
497
597
39
552
288
74
773
672
314
881
332
150
478
827
904
227
188
117
574
109
982
160
580
523
995
975
219
538
405
252
379
76
868
214
791
350
49
573
992
996
167
858
758
461
630
357
163
929
98
406
810
90
236
534
13
909
954
839
192
325
511
705
897
194
435
742
512
350
531
668
162
561
515
431
194
741
454
388
333
760
431
838
245
394
99
619
71
228
37
649
372
935
224
55
157
487
940
297
331
96
196
474
685
885
440
62
485
448
36
931
968
951
633
608
312
933
128
998
4
172
884
952
968
611
774
190
605
497
221
389
739
749
952
257
559
723
255
26
857
868
78
198
672
390
905
750
651
149
115
933
66
946
921
148
991
750
137
838
37
965
124
488
14
774
628
964
13
409
480
957
524
545
664
439
153
827
522
296
822
143
479
116
485
474
261
350
788
122
721
2
495
54
477
963
10
633
498
785
288
755
548
282
433
724
943
385
775
537
788
555
876
522
695
303
955
797
416
339
814
253
370
527
377
217
829
930
319
362
309
263
44
268
419
465
181
956
817
459
81
370
957
391
352
522
311
762
177
690
946
851
174
239
382
118
991
181
569
431
856
20
673
482
946
836
819
861
519
50
901
861
390
575
841
864
380
370
562
211
797
725
597
197
727
976
385
240
553
53
736
728
446
6
387
144
670
880
188
393
433
369
892
251
663
91
285
831
614
224
660
55
805
52
991
55
573
585
525
7
880
47
529
974
690
859
451
960
829
200
38
838
613
797
583
784
613
274
210
534
23
999
850
409
612
980
49
304
167
510
687
166
58
302
58
61
938
449
13
206
132
415
844
589
946
108
663
499
225
493
52
383
965
123
533
567
36
692
327
864
461
359
974
723
244
682
756
407
758
478
470
434
386
162
251
690
52
866
930
795
623
957
902
406
952
483
636
841
904
548
741
731
396
421
528
731
939
167
661
172
963
341
718
477
555
109
165
358
930
22
512
430
670
901
144
355
518
96
29
532
626
250
694
617
123
501
622
847
725
431
9
552
558
95
856
930
509
133
593
149
338
676
16
386
711
701
339
196
170
3
324
379
441
458
257
105
499
931
785
246
837
619
276
367
372
653
907
191
194
469
227
153
716
907
916
87
257
417
286
92
966
739
907
65
998
681
829
598
843
833
8
394
553
968
219
927
942
144
866
446
781
306
205
216
501
335
109
872
807
575
262
423
966
619
797
118
483
280
184
271
681
218
448
674
585
141
115
911
397
816
301
749
241
51
351
853
667
529
988
183
986
714
849
428
17
422
942
125
129
18
754
141
316
184
916
621
626
242
475
563
408
923
442
756
179
878
230
354
353
406
155
866
594
350
936
1000
201
288
709
558
50
604
172
8
292
112
707
247
354
643
24
808
17
676
249
764
330
45
821
126
263
203
812
913
103
820
34
561
336
996
601
181
985
23
313
18
121
306
345
251
856
44
782
28
748
72
833
662
244
346
176
368
826
907
187
574
738
876
895
88
920
992
770
594
316
862
444
131
635
322
601
782
212
869
519
481
737
349
803
222
578
143
966
418
601
822
217
422
901
980
85
724
350
622
384
261
400
515
284
639
562
503
261
409
538
281
535
368
396
534
699
551
86
28
435
525
804
762
597
264
839
702
889
148
437
549
479
735
594
99
880
450
978
348
164
425
906
214
376
290
551
549
236
776
114
121
571
493
177
265
488
489
836
743
460
970
75
950
169
63
885
506
827
513
735
353
908
834
504
37
31
488
386
562
215
446
513
119
795
628
351
512
574
816
505
715
743
766
780
20
19
189
322
67
570
736
146
723
698
226
33
487
953
178
596
935
555
356
453
873
819
87
961
302
843
294
965
85
992
966
871
276
748
574
644
966
182
75
199
999
622
917
360
229
355
123
624
760
924
700
714
657
261
49
290
516
990
551
656
902
383
653
11
597
980
121
556
485
496
599
748
735
224
285
14
27
494
301
405
496
15
100
665
300
803
570
534
574
469
553
302
346
996
320
466
546
96
801
114
537
21
963
902
555
713
147
715
417
680
632
690
104
727
941
304
601
561
340
401
85
791
507
290
132
452
659
603
372
169
380
578
550
618
97
479
942
22
619
261
534
512
755
539
20
17
58
191
114
143
670
339
228
703
535
513
884
470
536
752
349
806
663
861
284
457
43
2
769
525
25
842
160
424
969
5
162
55
51
171
72
9
513
621
619
411
254
480
109
505
129
969
971
142
130
259
678
137
771
360
347
616
925
427
946
163
751
906
274
693
731
329
861
328
183
633
258
742
337
347
873
884
316
941
951
1000
842
876
520
493
499
41
773
500
84
363
350
169
403
624
451
974
765
768
290
633
564
42
736
699
774
541
554
97
744
519
597
495
496
780
574
292
770
330
328
506
9
792
948
89
132
463
341
417
17
135
799
293
888
773
69
820
42
347
405
312
460
42
979
359
641
66
110
869
772
173
41
868
838
470
422
638
417
692
765
483
315
773
161
116
858
162
554
102
901
352
705
327
58
487
4
592
225
300
937
724
252
101
338
304
826
317
174
917
828
920
182
631
316
953
133
953
129
562
312
990
476
280
487
300
272
60
594
148
563
291
671
505
472
715
635
116
120
781
898
778
72
462
152
374
418
741
115
717
310
651
953
674
856
569
119
513
381
815
717
314
953
794
557
211
824
702
225
327
326
266
123
375
53
530
227
306
194
120
747
73
77
547
464
502
11
200
301
646
343
385
797
689
917
75
810
447
362
15
688
887
727
363
85
903
482
973
42
844
136
170
65
648
63
145
268
252
380
291
445
244
604
267
337
190
3
638
717
868
222
172
347
446
77
281
552
446
81
524
196
107
85
419
901
316
678
746
593
157
484
314
937
74
275
642
793
853
397
500
899
553
879
867
201
103
3
505
788
584
380
188
741
199
441
864
474
221
703
536
31
344
450
586
471
685
561
305
331
663
778
572
479
424
184
615
517
971
460
341
321
746
791
138
625
829
38
278
680
77
557
799
342
709
812
147
59
770
460
55
980
355
800
417
967
532
758
506
658
921
872
632
760
771
556
342
254
645
533
106
129
449
333
24
256
261
611
487
469
961
10
537
615
956
350
516
686
283
531
987
796
439
833
724
439
690
93
112
479
442
668
336
560
397
218
990
770
559
267
384
138
6
614
579
647
740
629
401
222
219
324
273
186
811
182
185
773
694
62
780
49
974
882
579
44
236
787
922
457
712
603
742
542
914
188
16
409
642
608
1000
715
368
792
662
390
144
439
380
443
910
887
351
981
968
479
787
753
165
560
649
829
526
740
186
476
240
665
190
101
350
122
20
779
116
997
33
229
285
136
465
304
222
116
635
336
762
165
373
394
497
137
546
162
656
720
469
277
936
172
485
631
219
920
130
799
549
952
819
891
214
983
317
816
548
264
315
672
707
971
144
679
312
887
502
476
365
437
492
43
9
371
626
746
265
961
348
715
923
7
413
239
496
429
456
935
997
380
468
315
64
285
214
164
788
130
589
379
810
977
641
68
48
222
56
817
109
907
817
290
268
386
337
316
740
387
580
267
60
584
124
785
733
295
668
537
775
589
99
836
301
144
402
502
832
588
876
467
358
858
228
293
863
489
989
993
740
764
744
840
66
921
588
330
297
448
249
426
722
733
285
510
375
719
576
633
695
354
811
43
813
189
909
704
305
330
701
253
284
198
573
239
752
356
764
678
40
424
815
706
418
118
328
472
617
625
790
335
766
612
53
983
421
876
581
987
588
624
279
621
589
790
421
322
849
835
625
979
664
872
597
749
868
223
563
541
881
989
145
213
15
845
871
521
132
734
430
87
108
989
168
354
172
203
508
216
918
818
478
522
946
897
29
773
351
225
938
548
288
758
487
931
20
86
968
298
171
930
396
563
75
588
470
246
618
509
827
895
135
968
832
453
240
999
546
388
878
209
488
327
583
348
887
44
840
470
154
960
758
674
582
444
602
680
511
489
598
488
603
851
530
64
33
307
214
259
953
750
643
612
479
111
489
241
170
798
614
420
81
888
431
38
717
458
877
227
147
532
537
126
988
234
70
985
637
576
167
224
349
323
23
551
575
650
33
671
960
737
79
106
323
327
708
161
449
609
398
332
201
359
8
214
848
331
808
792
10
276
29
592
584
550
599
520
236
599
622
651
581
854
705
825
282
41
217
139
34
38
726
847
582
706
256
265
631
72
177
791
35
583
674
129
69
670
782
377
463
880
116
703
505
383
560
308
365
440
534
567
865
993
547
883
756
420
274
447
550
1000
853
236
13
767
512
457
271
135
95
589
656
895
807
31
686
707
571
796
620
216
912
254
733
369
10
667
102
300
924
888
720
953
735
842
670
587
694
196
797
883
351
378
798
926
100
534
881
62
388
986
8
662
107
485
269
797
551
587
124
103
151
6
47
492
145
569
558
111
311
468
77
880
969
998
541
102
214
657
674
591
464
965
564
369
456
906
194
954
383
973
87
703
666
952
781
258
980
373
508
816
665
608
706
825
188
599
179
364
485
625
647
305
167
601
687
431
654
268
805
47
94
523
454
856
551
660
599
204
967
28
17
695
932
747
13
877
289
519
266
237
422
630
497
821
741
402
558
890
488
373
181
692
324
942
921
525
474
488
422
630
206
12
565
632
945
767
546
553
630
220
242
567
357
517
870
654
70
558
413
675
664
504
801
221
693
736
901
568
665
179
612
915
450
964
485
308
706
731
897
609
964
143
880
166
812
576
208
462
405
671
271
295
507
667
982
245
468
580
570
962
111
86
231
839
594
524
545
947
832
620
785
373
874
210
279
491
608
813
108
632
360
719
464
34
351
676
664
590
418
35
595
474
600
891
710
325
27
51
848
549
303
62
691
603
407
102
428
30
98
501
973
987
694
860
97
224
928
286
524
88
278
399
724
313
753
716
384
402
835
690
534
476
831
912
839
990
827
766
281
81
784
823
440
960
748
983
459
184
644
570
426
951
134
711
753
855
254
999
316
197
331
859
141
666
536
295
9
17
394
440
87
431
290
352
661
175
858
808
705
202
139
637
806
130
813
887
847
175
479
667
185
510
89
118
547
396
246
380
802
704
682
268
513
775
671
814
671
231
986
862
139
666
829
718
396
467
419
828
8
208
869
400
737
463
926
671
856
704
559
509
860
499
816
639
974
31
655
134
836
501
90
935
948
971
759
324
474
603
596
659
431
178
128
642
256
379
476
716
251
273
264
913
212
912
683
340
593
12
344
21
164
329
827
109
959
500
689
739
714
931
168
718
635
524
584
538
511
333
965
66
460
322
471
263
605
472
328
938
643
988
510
9
860
929
898
48
152
89
485
926
85
74
99
146
311
677
809
242
590
30
280
828
361
624
136
693
541
739
33
181
768
469
690
875
719
898
45
587
46
5
253
137
188
731
688
501
34
797
263
659
714
126
96
792
220
438
97
138
409
916
205
315
120
487
24
924
363
44
26
205
853
795
566
914
548
831
395
388
12
152
554
716
131
208
390
555
796
439
928
990
415
803
847
918
5
546
838
797
772
674
899
74
606
285
219
68
853
834
21
145
131
32
630
100
648
239
984
763
958
161
232
647
145
414
933
141
7
35
502
729
501
527
427
57
404
682
454
964
795
427
856
919
815
392
385
174
218
735
114
672
798
464
56
306
219
735
236
582
841
786
110
554
344
30
801
272
132
258
178
626
160
514
6
800
374
696
200
119
651
16
878
427
983
53
192
513
415
197
60
527
159
779
473
101
821
156
281
695
752
10
65
831
888
303
531
272
952
617
730
807
553
21
301
71
376
162
449
933
12
716
820
651
989
270
291
737
689
607
842
493
116
451
709
4
558
876
107
724
148
328
656
998
78
952
109
775
976
241
989
82
593
25
757
441
634
363
674
162
621
684
156
799
485
97
450
114
2
999
984
398
205
705
58
428
871
733
492
818
590
318
769
228
283
191
336
245
672
682
58
182
859
779
628
365
924
260
300
807
402
452
733
407
289
255
926
319
465
642
271
956
5
234
963
562
372
45
829
880
732
835
959
809
288
436
822
515
115
199
518
89
61
474
481
819
764
525
878
397
72
3
198
87
467
446
961
367
237
305
385
561
599
364
795
952
671
867
27
378
901
395
943
936
670
807
75
862
742
26
421
742
101
707
137
340
385
867
581
510
540
208
935
34
214
474
348
527
464
428
332
971
977
645
795
881
244
267
142
769
919
144
287
224
455
991
753
597
1
635
998
473
210
77
858
291
632
904
942
199
520
38
887
710
171
81
428
568
557
229
168
604
171
224
119
979
250
466
742
127
33
339
268
264
273
243
433
379
645
145
105
23
527
487
354
962
415
403
391
494
764
311
509
270
772
844
764
997
559
896
954
736
308
562
922
24
421
273
85
658
602
811
227
757
614
221
984
289
568
897
34
740
676
647
502
375
836
400
571
936
641
882
286
979
852
896
398
44
87
652
963
836
902
842
243
78
667
264
387
910
856
103
88
215
682
670
850
87
941
628
500
199
514
207
635
725
570
887
341
710
279
687
288
344
568
700
883
748
945
146
531
194
454
461
132
800
625
29
942
652
489
503
543
40
709
215
998
380
691
283
45
986
26
713
331
485
84
331
656
569
849
901
232
12
658
684
393
120
144
17
580
880
978
477
480
27
101
159
294
971
50
910
113
606
686
107
627
669
587
367
372
939
655
623
33
413
836
355
542
671
50
479
435
674
711
368
544
795
192
581
544
135
846
867
255
835
637
90
876
209
130
37
678
376
429
913
278
86
222
950
567
304
539
636
416
361
732
332
877
615
506
294
39
534
244
736
725
32
175
941
780
387
379
608
226
305
597
427
5
59
929
380
350
990
913
322
980
446
978
98
347
544
724
255
222
785
728
898
51
69
736
976
35
165
365
740
425
265
595
171
597
179
109
911
613
941
165
799
388
238
700
514
92
668
24
951
352
237
774
765
494
277
959
650
798
454
848
811
328
588
293
59
878
40
857
609
986
168
43
950
186
81
204
887
122
774
346
844
96
961
676
876
715
996
644
826
266
398
797
407
781
924
992
193
707
719
271
283
448
179
731
296
536
55
351
342
794
477
908
94
759
705
397
844
213
457
322
4
168
820
410
938
223
429
180
996
294
672
904
299
850
426
696
700
775
667
21
560
664
16
948
736
189
942
486
597
859
929
703
325
146
9
283
309
496
13
568
315
369
956
302
322
615
965
23
278
968
201
780
655
490
955
462
83
940
730
570
118
572
622
716
158
791
295
1000
346
727
666
419
561
215
388
473
679
591
432
101
962
64
629
423
567
167
510
720
763
836
326
852
585
973
460
982
290
541
540
872
157
135
406
981
596
795
301
904
791
939
635
300
632
850
501
419
804
435
956
200
4
756
428
112
89
752
483
76
125
510
745
837
889
284
227
810
748
533
681
636
368
271
190
802
821
137
575
165
758
233
839
81
164
895
547
360
95
875
720
282
158
886
16
145
288
7
622
113
719
28
143
570
97
648
962
803
868
236
697
744
766
831
415
899
591
183
866
276
113
799
249
318
828
454
450
387
837
904
190
185
528
617
379
230
727
395
434
85
675
927
412
577
824
320
449
565
321
62
843
351
731
900
421
558
263
480
534
13
582
256
141
961
610
866
741
209
981
271
28
658
938
50
539
515
972
188
902
718
447
322
165
169
346
729
536
479
729
846
126
959
346
742
491
798
631
811
744
381
398
757
906
117
512
728
861
518
149
356
116
840
816
216
91
989
270
690
956
445
466
644
274
19
598
732
855
960
721
99
162
202
578
454
57
873
197
562
839
59
577
909
153
273
98
805
492
762
768
900
303
817
621
768
652
606
363
535
307
628
369
227
292
352
452
851
485
187
860
835
720
226
424
666
848
223
986
486
550
173
1
45
751
911
410
542
236
529
338
952
988
647
6
313
242
428
332
254
911
765
542
801
520
424
838
329
929
915
457
920
704
947
350
191
647
342
866
326
25
941
410
78
855
195
895
565
601
389
786
351
42
177
699
657
170
567
514
716
558
46
490
89
871
476
268
72
479
160
386
910
676
364
564
348
747
304
483
600
615
706
320
612
366
54
828
878
609
246
190
555
99
692
303
96
287
441
764
890
554
937
650
826
553
744
472
881
740
633
412
605
806
963
611
741
214
364
453
567
853
464
736
724
924
921
928
284
374
498
396
783
326
882
945
713
126
254
572
800
386
475
852
324
917
327
854
216
912
961
840
376
982
815
936
587
507
142
564
607
441
33
125
173
626
32
755
169
715
134
878
471
23
803
737
536
542
443
201
60
762
636
357
226
782
38
357
658
355
11
146
463
379
101
325
650
273
644
260
553
6
111
653
674
485
29
810
861
946
49
428
173
125
326
354
982
805
70
725
135
45
921
565
974
440
687
697
118
792
392
342
287
645
860
27
19
198
473
35
904
890
125
446
893
528
428
292
936
953
539
587
658
526
880
207
807
219
970
207
595
296
546
915
237
134
831
674
506
584
919
270
878
125
880
12
640
220
659
903
649
129
219
714
770
559
865
423
258
517
457
543
361
369
386
601
534
532
752
238
733
318
199
717
317
578
925
702
329
809
751
762
732
512
438
637
742
222
516
408
595
284
946
544
488
887
993
785
109
402
248
507
440
883
243
328
452
181
398
671
633
509
507
254
541
227
814
92
376
517
256
432
785
984
898
553
213
446
165
597
35
230
879
944
118
929
719
485
1000
422
289
867
592
960
447
275
395
47
688
335
400
627
83
270
712
108
589
927
886
19
598
583
127
843
945
31
769
345
520
447
213
210
102
447
609
967
832
89
977
834
697
512
290
985
705
18
962
461
237
539
864
994
644
468
51
330
249
327
532
209
246
409
933
847
295
475
637
906
762
412
898
411
990
353
714
850
286
233
339
368
974
598
527
844
831
157
384
485
866
103
263
190
400
410
980
518
462
908
921
843
383
909
173
825
341
774
609
825
539
645
378
271
11
679
492
960
682
740
992
16
472
181
974
992
130
785
113
703
538
284
882
560
538
571
736
688
189
463
208
674
989
609
666
225
619
489
253
34
682
5
577
828
517
167
611
530
992
201
291
932
123
78
451
5
846
903
735
406
862
820
949
865
233
310
615
417
157
365
900
64
648
675
530
109
691
698
935
246
458
41
392
594
329
972
334
518
853
280
438
828
362
811
765
161
528
657
296
21
569
628
985
461
162
181
360
107
807
108
202
414
163
124
863
408
884
737
364
426
170
579
444
207
151
359
488
392
990
180
697
108
244
309
530
401
557
42
60
858
647
811
748
271
624
330
943
937
634
813
257
551
444
998
488
130
287
821
18
880
859
431
373
814
567
588
846
788
541
655
747
749
301
576
640
905
710
428
89
316
948
49
540
191
111
343
902
90
620
532
957
59
148
470
330
318
52
779
577
916
279
174
555
732
213
52
450
973
608
516
824
76
852
298
443
478
491
258
578
403
658
344
501
935
747
685
419
9
152
519
526
579
833
297
986
471
471
548
966
284
403
685
317
589
257
619
857
42
40
860
548
12
716
251
477
616
678
208
621
967
933
159
77
456
542
993
746
944
274
277
846
357
763
477
58
141
48
321
811
726
576
925
129
218
558
279
962
268
652
629
804
427
608
693
898
146
46
673
695
144
573
702
80
865
297
472
43
911
659
362
213
841
712
583
212
74
358
40
29
788
386
943
834
613
141
901
180
865
328
145
684
596
112
127
502
79
856
95
437
533
331
3
893
507
911
566
710
286
735
222
369
786
365
523
281
953
124
190
813
742
884
492
608
549
404
102
947
36
748
180
62
87
361
871
844
44
3
835
854
569
387
734
250
307
980
924
562
974
864
972
680
940
855
575
46
335
634
295
807
144
828
4
502
972
416
955
759
616
269
440
134
458
274
450
286
536
937
417
117
536
960
271
2
308
67
980
202
843
223
181
424
800
672
673
205
979
602
466
469
530
688
51
770
111
261
397
651
99
836
167
322
352
286
350
926
527
602
440
627
179
999
905
445
926
748
813
330
677
59
852
883
897
275
350
729
354
167
409
609
413
310
794
960
162
501
388
344
922
886
234
224
692
975
566
375
452
204
858
974
776
746
641
277
368
948
203
577
101
166
521
765
425
369
893
85
267
573
654
852
731
54
89
623
618
677
545
393
842
357
254
618
438
755
981
982
374
51
396
757
279
539
53
604
48
941
496
702
940
4
528
875
662
235
464
188
398
977
353
494
725
673
31
474
92
774
748
287
317
133
784
430
437
59
311
457
324
455
188
839
423
444
155
976
676
679
28
168
547
244
784
694
553
516
203
941
40
511
382
802
442
183
392
746
859
458
910
911
780
602
204
539
663
598
90
680
319
212
12
522
401
235
325
518
261
222
497
268
805
819
448
49
97
406
107
466
716
704
606
992
164
701
383
206
179
688
945
14
624
122
22
642
868
807
175
165
255
323
993
157
31
834
691
572
183
217
840
462
52
46
110
326
386
431
225
263
93
489
651
565
14
540
642
809
732
134
593
559
397
489
182
155
141
29
289
834
451
101
47
139
268
729
501
366
598
546
369
540
612
585
469
381
400
515
385
270
496
157
131
120
778
977
773
601
637
799
248
700
664
913
125
646
126
537
2
848
7
895
603
613
994
790
394
644
728
472
857
923
232
624
566
141
264
12
629
465
313
521
441
154
312
423
668
618
976
216
111
794
191
901
409
964
634
358
100
152
328
287
761
624
593
903
735
200
848
427
50
368
284
435
836
487
664
906
889
343
193
846
617
268
733
520
194
557
891
494
266
387
561
936
407
722
217
286
512
158
439
364
374
475
234
251
253
483
50
960
194
629
54
289
539
300
256
937
737
857
828
291
753
683
792
342
183
271
672
93
334
150
919
580
604
840
286
329
975
926
885
611
663
506
718
475
974
864
848
283
755
53
747
992
416
735
340
46
490
431
827
157
835
333
224
689
610
890
683
282
677
839
768
369
804
354
975
715
762
865
461
993
856
358
647
787
254
379
585
730
182
594
969
640
175
952
518
82
132
854
405
128
979
82
668
998
379
765
776
556
587
261
366
245
803
108
545
420
602
1
484
541
979
342
822
249
587
789
355
185
426
604
805
275
282
162
972
246
367
187
351
473
79
953
861
727
207
756
364
176
195
354
392
850
330
7
28
12
832
875
560
219
974
286
397
675
389
131
129
499
88
124
715
994
675
265
488
816
629
208
570
862
565
509
712
689
191
991
297
91
128
204
563
842
340
73
893
191
766
677
736
514
631
193
111
903
956
546
353
693
114
949
322
67
896
446
931
869
684
621
865
339
11
719
625
948
289
475
232
792
298
383
207
59
848
676
22
260
917
761
422
421
424
184
60
153
447
770
302
365
107
950
527
997
783
452
522
783
363
848
281
53
988
656
954
671
289
379
285
780
251
182
45
603
578
265
14
542
794
843
969
86
119
820
875
460
120
739
623
47
722
872
660
236
50
614
124
318
486
223
296
117
191
541
36
568
543
416
299
250
293
533
732
279
131
345
896
199
565
316
709
162
318
578
940
739
315
785
420
279
256
360
721
302
572
245
370
666
743
369
603
65
270
452
325
861
628
736
989
224
284
470
281
804
975
148
556
162
554
561
386
792
187
48
52
733
381
632
516
931
13
162
585
979
79
394
388
642
832
61
367
481
31
994
765
840
791
945
480
454
134
603
437
27
942
485
546
746
999
278
844
702
679
401
176
401
388
696
730
300
306
905
447
134
457
304
295
277
750
181
543
80
492
991
934
417
886
233
798
186
294
709
625
333
874
552
944
3
850
840
480
740
686
649
202
735
843
119
674
229
735
505
55
710
628
248
530
550
717
924
238
841
326
787
454
568
127
351
748
244
311
868
33
955
151
557
2
134
526
495
713
248
54
650
575
232
240
448
766
61
233
869
168
806
773
763
182
692
830
606
545
107
453
221
903
938
170
236
249
890
787
929
855
932
297
481
441
967
260
89
846
713
390
197
487
817
757
212
150
809
664
72
424
319
827
681
419
399
424
33
779
852
627
965
393
774
580
813
90
548
499
161
787
629
300
698
405
116
989
948
130
528
416
495
667
909
515
771
918
895
879
124
7
217
916
894
132
357
965
87
879
575
474
390
774
761
284
327
411
811
715
771
680
337
450
374
607
376
971
961
271
705
566
588
801
953
309
124
145
301
438
17
771
111
927
80
970
839
434
906
987
735
795
343
872
42
494
986
333
651
253
974
914
541
358
40
217
149
222
220
141
483
781
165
378
745
677
346
12
700
778
186
444
22
167
280
133
969
597
7
966
962
920
22
422
326
590
44
798
541
911
161
609
929
606
275
119
390
966
846
580
290
632
796
822
847
18
499
382
764
578
135
906
686
921
138
358
607
721
197
679
632
460
365
862
980
802
723
492
778
118
5
829
247
74
484
351
531
652
7
793
643
676
985
516
883
841
430
472
349
128
717
618
945
554
354
756
712
181
617
390
568
560
807
601
345
621
444
422
482
721
975
513
614
197
746
58
293
991
295
664
729
181
928
44
587
872
258
624
682
3
456
143
970
978
363
928
46
833
775
838
479
703
471
445
458
601
421
24
280
206
692
483
917
289
692
273
989
822
284
760
560
223
526
217
437
755
614
678
762
816
736
24
134
649
133
240
359
495
610
315
79
539
331
174
495
81
78
26
624
328
625
95
988
906
849
855
441
640
128
192
828
170
767
444
991
207
328
623
418
940
246
857
627
462
587
391
317
466
625
952
606
133
212
245
944
927
108
58
691
125
275
913
165
243
877
730
899
7
97
390
731
254
180
641
669
770
726
822
407
434
996
995
761
792
883
292
55
943
18
813
108
462
8
888
211
682
665
491
620
208
378
367
607
70
571
474
629
564
302
984
757
494
391
418
876
5
63
335
121
50
797
536
951
684
600
513
45
716
570
105
649
790
326
696
831
757
116
648
260
401
128
609
832
252
833
645
733
344
145
303
963
53
591
745
566
726
785
555
911
707
152
830
115
887
317
220
124
993
287
925
349
928
907
908
339
660
638
695
317
332
770
331
356
9
784
284
189
529
409
388
137
546
467
652
689
987
626
900
736
586
305
772
64
586
156
226
725
359
312
906
717
774
474
549
508
666
891
972
984
626
801
131
729
609
866
153
966
775
635
476
184
283
860
657
961
929
568
122
795
495
898
686
662
256
359
657
569
653
495
784
640
791
566
217
337
971
800
577
149
420
655
908
27
249
381
870
998
584
125
486
125
691
394
453
395
829
329
371
909
959
647
117
340
902
336
83
425
679
185
665
315
307
950
833
63
197
520
146
949
947
283
135
2
935
433
943
343
37
27
171
29
245
640
636
303
382
125
549
213
941
518
57
320
867
458
874
527
786
384
112
892
944
779
683
124
743
328
243
110
530
438
262
124
110
379
962
862
73
968
288
601
491
537
506
343
48
479
306
137
197
212
826
801
264
779
987
241
470
977
834
351
922
953
824
230
337
235
970
255
631
801
595
8
473
40
848
544
68
401
531
670
461
29
250
491
563
585
291
64
618
984
996
464
11
99
703
466
316
604
300
945
162
809
662
992
244
126
238
808
70
498
820
96
106
136
553
726
870
800
461
851
386
632
950
604
396
109
141
372
298
364
732
135
446
111
818
472
22
212
828
131
836
903
780
187
5
593
504
205
664
31
11
472
204
82
91
233
889
789
170
388
34
424
340
583
503
484
267
320
262
141
857
327
556
223
967
407
766
468
891
663
896
477
397
179
42
641
221
881
920
507
202
224
530
503
396
864
909
445
454
561
250
428
688
125
629
556
226
419
827
682
95
911
615
697
90
656
589
831
804
722
81
48
433
793
551
5
387
240
528
456
908
920
441
728
397
241
136
846
500
787
862
197
423
520
184
279
775
913
649
227
298
124
989
54
43
481
814
197
681
84
634
308
811
319
858
159
248
678
580
212
368
66
72
486
548
42
393
555
480
203
710
793
126
804
607
220
627
321
571
284
861
4
14
820
784
555
881
925
279
288
67
525
642
360
294
408
547
162
642
866
637
252
153
480
178
866
186
143
517
644
178
741
291
898
646
472
250
579
475
351
284
53
784
487
419
142
110
946
77
124
804
27
776
358
324
165
578
796
221
268
691
380
266
647
803
535
586
281
406
674
246
830
299
734
280
151
760
623
512
569
312
664
984
297
32
962
843
105
707
498
657
946
40
633
798
696
577
51
13
136
725
519
809
228
353
281
688
335
483
320
97
328
554
818
279
373
653
196
2
495
549
205
593
598
766
582
287
909
254
359
689
137
741
152
751
581
144
495
189
510
655
673
909
662
503
650
470
156
65
165
893
342
529
471
268
169
849
397
938
764
785
112
654
572
73
580
382
73
950
565
473
718
699
769
793
257
969
208
866
356
54
314
441
710
431
288
649
788
851
524
549
847
392
495
507
594
388
776
585
612
528
59
493
286
979
511
985
224
221
160
777
246
754
962
838
452
981
524
969
476
542
940
779
339
126
210
486
691
511 13 751 830 882 950 973 980 988 994 996 997 998 999 1000 
724 4 494 827 907 939 
743 5 513 896 996 998 999 
183 2 527 983 
469 19 24 325 744 856 967 970 971 977 984 990 991 992 994 995 996 997 998 999 1000 
131 15 803 821 915 989 990 991 992 993 994 995 996 997 998 999 1000 
179 1 312 
139 20 231 357 794 914 984 986 987 988 989 990 991 992 993 994 995 996 997 998 999 1000 
416 18 569 721 903 953 978 986 988 990 991 992 993 994 995 996 997 998 999 1000 
298 20 312 970 977 981 982 986 987 988 989 990 991 992 993 994 995 996 997 998 999 1000 
781 16 914 948 975 977 988 989 991 992 993 994 995 996 997 998 999 1000 
237 1 118 
717 1 357 
185 6 854 905 906 927 985 993 
774 20 972 977 982 984 985 986 987 988 989 990 991 992 993 994 995 996 997 998 999 1000 
386 13 225 567 925 955 979 989 993 994 995 997 998 999 1000 
533 10 531 971 981 985 995 996 997 998 999 1000 
835 15 910 947 971 986 990 991 992 993 994 995 996 997 998 999 1000 
993 18 174 573 670 986 987 988 989 990 991 992 993 994 995 996 997 998 999 1000 
549 12 142 449 1184 4003 4019 4776 5427 7609 9085 9189 9593 9663 
659 11 471 885 941 990 994 995 996 997 998 999 1000 
511 19 33 631 956 975 985 986 988 989 990 991 992 993 994 995 996 997 998 999 1000 
607 7 936 966 992 993 995 997 998 
656 14 77 329 401 561 972 987 990 991 992 996 997 998 999 1000 
664 13 273 954 958 989 991 992 993 994 996 997 998 999 1000 
775 6 362 538 843 856 926 936 
397 6 492 942 959 967 980 981 
244 3 943 987 1000 
804 5 624 649 892 928 961 
727 19 654 664 933 974 976 987 988 989 990 991 992 993 994 995 996 997 998 999 1000 
791 14 112 219 303 849 968 972 979 983 990 993 994 996 999 1000 
693 6 730 734 976 977 990 997 
982 11 889 925 991 992 993 994 996 997 998 999 1000 
846 9 580 744 782 918 953 991 996 997 999 
313 9 438 903 994 995 996 997 998 999 1000 
820 13 204 970 981 983 984 991 994 995 996 997 998 999 1000 
268 17 336 704 839 972 982 988 989 990 992 993 994 995 996 997 998 999 1000 
561 19 931 975 981 985 986 987 988 989 990 991 992 993 994 995 996 997 998 999 1000 
702 8 354 453 579 869 907 908 967 986 
524 6 550 913 953 971 976 987 
573 5 169 920 946 959 964 
161 20 921 935 971 982 983 985 987 988 989 990 991 992 993 994 995 996 997 998 999 1000 
865 2 813 941 
648 18 303 511 936 955 987 988 989 990 991 992 993 994 995 996 997 998 999 1000 
825 18 213 941 942 980 981 986 989 990 991 992 993 994 995 996 997 998 999 1000 
449 3 172 932 990 
617 5 708 838 959 974 1000 
579 10 295 658 744 909 936 974 984 986 989 992 
184 20 767 799 847 932 949 968 969 978 981 983 988 992 993 994 995 996 997 998 999 1000 
963 1 654 
838 10 869 992 993 994 995 996 997 998 999 1000 
609 8 257 558 624 798 992 994 999 1000 
610 12 34 302 607 812 934 937 973 996 997 998 999 1000 
486 7 914 987 990 994 995 998 1000 
610 17 358 841 877 948 982 984 987 990 991 993 994 995 996 997 998 999 1000 
4 10 471 959 980 982 983 986 991 992 998 1000 
767 1 755 
931 13 573 620 983 990 992 993 994 995 996 997 998 999 1000 
951 7 632 976 995 996 998 999 1000 
979 14 859 925 962 989 990 991 993 994 995 996 997 998 999 1000 
926 2 387 574 
246 20 947 950 951 979 981 983 986 988 989 990 991 992 993 994 995 996 997 998 999 1000 
547 15 79 590 712 926 956 964 991 992 993 994 995 996 997 999 1000 
518 1 835 
747 13 304 459 741 836 940 977 989 995 996 997 998 999 1000 
990 4 704 941 947 975 
784 14 448 681 945 975 989 992 993 994 995 996 997 998 999 1000 
345 20 460 847 953 973 976 978 986 987 988 989 991 992 993 994 995 996 997 998 999 1000 
743 15 11 211 982 985 989 990 992 993 994 995 996 997 998 999 1000 
659 20 929 940 967 976 982 985 986 987 989 990 991 992 993 994 995 996 997 998 999 1000 
684 10 511 657 987 991 993 994 996 997 999 1000 
18 19 417 874 889 939 973 983 987 989 990 991 992 993 994 995 996 997 998 999 1000 
669 9 688 752 832 912 940 977 995 999 1000 
234 20 878 888 978 982 984 985 986 987 989 990 991 992 993 994 995 996 997 998 999 1000 
432 13 214 387 840 969 990 991 994 995 996 997 998 999 1000 
596 11 745 809 908 952 981 991 992 996 998 999 1000 
402 7 933 995 996 997 998 999 1000 
278 11 385 545 666 878 883 936 983 991 995 997 999 
590 8 553 742 958 964 982 992 997 1000 
488 11 793 938 985 988 991 993 995 996 997 999 1000 
837 9 470 744 926 971 994 995 997 998 999 
90 20 549 614 739 930 946 969 986 988 989 990 991 992 993 994 995 996 997 998 999 1000 
782 17 584 843 917 963 985 988 989 991 992 993 994 995 996 997 998 999 1000 
177 20 798 900 951 955 975 985 986 987 988 990 991 992 993 994 995 996 997 998 999 1000 
18 8 468 810 898 977 988 991 993 999 
269 8 781 948 993 996 997 998 999 1000 
759 11 133 333 407 456 522 976 988 996 998 999 1000 
49 4 671 954 959 961 
575 2 776 923 
534 2 686 928 
313 14 753 801 926 987 988 991 992 994 995 996 997 998 999 1000 
655 8 79 939 940 944 968 969 981 984 
563 12 92 1375 1467 1837 2223 3225 3857 4421 4954 4999 8253 9267 
517 20 397 427 692 862 985 986 987 988 989 990 991 992 993 994 995 996 997 998 999 1000 
628 1 901 
628 18 954 966 984 986 987 988 989 990 991 992 993 994 995 996 997 998 999 1000 
135 1 649 
192 19 281 914 927 968 977 980 982 986 990 991 992 993 994 995 996 997 998 999 1000 
235 18 971 976 980 983 986 987 989 990 991 992 993 994 995 996 997 998 999 1000 
742 10 824 925 956 959 976 982 994 997 999 1000 
953 5 661 895 988 993 995 
774 10 46 636 828 864 942 973 987 998 999 1000 
107 4 371 716 748 776 
311 10 296 867 883 938 945 963 972 997 999 1000 
590 8 31 379 628 925 942 963 989 991 
245 19 298 782 963 964 975 980 981 985 990 991 992 993 994 995 996 997 998 999 1000 
623 14 125 611 870 929 935 990 993 994 995 996 997 998 999 1000 
309 2 213 240 
643 2 854 974 
293 17 157 468 827 944 984 988 989 990 991 992 994 995 996 997 998 999 1000 
170 9 945 950 956 992 993 996 998 999 1000 
673 13 222 617 828 964 980 988 993 995 996 997 998 999 1000 
570 2 918 992 
683 17 683 904 958 971 985 989 990 991 992 993 994 995 996 997 998 999 1000 
7 3 838 960 976 
181 13 542 580 787 886 927 947 984 995 996 997 998 999 1000 
918 7 858 961 970 994 998 999 1000 
330 3 134 840 847 
762 20 785 910 955 977 978 982 983 986 988 989 990 992 993 994 995 996 997 998 999 1000 
18 5 394 698 967 972 974 
60 10 274 983 991 994 995 996 997 998 999 1000 
487 20 56 976 981 984 985 986 987 988 989 990 991 992 993 994 995 996 997 998 999 1000 
111 16 352 492 874 931 946 957 976 988 992 994 995 996 997 998 999 1000 
922 9 444 834 847 858 965 971 980 988 993 
694 6 203 725 827 850 983 986 
724 17 643 959 969 978 984 985 987 990 991 992 993 995 996 997 998 999 1000 
721 11 470 731 765 942 967 972 996 997 998 999 1000 
963 7 584 953 992 996 998 999 1000 
601 9 445 756 974 975 982 984 988 993 994 
190 17 894 915 931 969 976 982 987 991 992 993 994 995 996 997 998 999 1000 
989 3 936 968 1000 
933 12 541 682 954 956 966 977 991 996 997 998 999 1000 
316 11 735 918 952 979 987 994 995 997 998 999 1000 
111 15 65 328 374 563 713 819 884 933 936 970 993 997 998 999 1000 
346 7 990 995 996 997 998 999 1000 
452 2 259 996 
749 19 934 971 979 985 986 987 988 989 990 991 992 993 994 995 996 997 998 999 1000 
185 2 133 503 
902 7 179 899 940 994 998 999 1000 
436 8 415 575 858 871 914 920 972 990 
638 8 51 166 219 305 636 686 768 780 
97 12 964 973 991 992 993 994 995 996 997 998 999 1000 
660 16 64 612 984 985 986 990 991 992 993 994 995 996 997 998 999 1000 
881 20 551 767 848 958 965 966 986 988 989 990 991 992 993 994 995 996 997 998 999 1000 
289 16 205 846 973 983 987 989 990 991 992 993 995 996 997 998 999 1000 
158 12 244 370 639 676 966 983 993 995 997 998 999 1000 
444 6 661 668 892 923 991 994 
213 20 215 834 836 890 902 979 983 985 987 989 991 992 993 994 995 996 997 998 999 1000 
488 8 372 454 919 974 977 997 999 1000 
160 20 847 904 938 970 975 979 982 984 988 990 991 992 993 994 995 996 997 998 999 1000 
97 4 491 747 942 945 
326 19 45 502 945 967 981 984 988 989 990 991 992 993 994 995 996 997 998 999 1000 
89 2 606 781 
160 6 873 953 963 993 995 998 
177 11 429 652 673 817 909 940 981 989 995 997 998 
715 17 143 930 974 983 986 987 988 989 991 992 993 994 995 997 998 999 1000 
522 9 522 696 755 821 852 884 950 982 989 
495 17 631 678 950 963 968 975 976 989 991 993 994 995 996 997 998 999 1000 
213 4 347 508 799 983 
71 17 525 671 808 828 984 989 990 991 992 993 994 995 996 997 998 999 1000 
431 20 879 965 983 984 985 986 987 988 989 990 991 992 993 994 995 996 997 998 999 1000 
638 18 175 953 957 966 967 984 985 989 990 992 993 994 995 996 997 998 999 1000 
326 1 3 
227 14 805 809 854 870 981 984 992 993 995 996 997 998 999 1000 
251 13 987 989 990 991 992 993 994 995 996 997 998 999 1000 
2 11 616 1540 1814 3469 4234 5894 7668 7979 8537 9174 9591 
980 11 465 975 988 991 993 995 996 997 998 999 1000 
924 11 87 553 952 959 985 992 996 997 998 999 1000 
287 13 649 940 960 967 991 993 994 995 996 997 998 999 1000 
312 15 808 986 988 989 990 991 992 993 994 995 996 997 998 999 1000 
516 6 656 975 981 988 993 995 
856 8 526 814 830 937 947 980 984 985 
550 9 604 634 750 982 996 997 998 999 1000 
997 4 422 889 934 1000 
709 4 321 419 937 986 
882 16 534 800 915 934 978 988 989 991 992 993 995 996 997 998 999 1000 
66 4 937 994 995 996 
358 18 278 453 804 926 952 971 974 984 988 990 993 994 995 996 997 998 999 1000 
804 10 498 908 954 963 980 985 987 991 995 999 
506 8 231 893 909 912 919 997 999 1000 
22 5 278 484 708 947 954 
379 20 548 733 758 840 867 983 985 987 989 990 991 992 993 994 995 996 997 998 999 1000 
125 17 583 585 964 974 981 985 986 989 990 993 994 995 996 997 998 999 1000 
110 8 253 957 971 984 993 996 998 1000 
612 11 38 950 980 982 984 990 996 997 998 999 1000 
398 10 150 789 812 871 910 926 961 986 988 1000 
286 16 548 724 902 970 981 983 987 990 992 994 995 996 997 998 999 1000 
412 7 373 956 970 984 993 999 1000 
838 9 404 746 897 961 972 980 997 999 1000 
230 9 105 846 949 950 988 997 998 999 1000 
350 6 281 809 987 990 997 998 
177 6 172 330 525 639 892 970 
822 13 918 985 987 991 992 993 994 995 996 997 998 999 1000 
800 18 615 752 760 815 957 960 980 983 987 989 992 994 995 996 997 998 999 1000 
123 13 456 775 958 978 992 993 994 995 996 997 998 999 1000 
759 11 31 644 779 915 917 931 959 988 995 997 998 
716 17 278 630 651 825 841 855 867 906 916 984 993 994 995 996 998 999 1000 
391 10 582 686 893 896 940 982 997 998 999 1000 
444 3 742 874 936 
381 17 151 960 969 978 983 984 985 990 992 993 994 995 996 997 998 999 1000 
870 12 959 977 980 984 993 994 995 996 997 998 999 1000 
731 2 136 559 
131 3 553 906 968 
408 6 599 992 993 997 998 999 
931 15 656 888 971 986 989 990 991 992 993 995 996 997 998 999 1000 
347 13 532 613 859 957 992 993 994 995 996 997 998 999 1000 
311 10 252 343 448 543 817 950 995 996 999 1000 
159 18 201 338 959 971 973 981 987 988 991 992 993 994 995 996 997 998 999 1000 
829 13 446 556 802 964 990 993 994 995 996 997 998 999 1000 
644 4 552 576 955 973 
855 7 70 900 986 988 998 999 1000 
371 19 428 646 945 965 970 980 986 989 990 991 992 993 994 995 996 997 998 999 1000 
902 11 417 667 785 906 943 965 988 994 998 999 1000 
109 11 229 644 689 927 951 992 996 997 998 999 1000 
778 19 378 807 844 851 954 958 970 985 988 991 992 993 994 995 996 997 998 999 1000 
229 6 882 889 955 981 984 991 
530 7 36 944 953 974 993 996 997 
15 20 660 750 961 967 971 978 979 985 989 990 991 992 993 994 995 996 997 998 999 1000 
170 13 886 965 982 986 988 990 993 995 996 997 998 999 1000 
85 7 930 937 975 992 995 998 999 
188 6 66 389 990 996 999 1000 
750 17 223 365 738 953 961 979 985 991 992 993 994 995 996 997 998 999 1000 
182 19 602 973 980 982 986 987 988 989 990 991 992 993 994 995 996 997 998 999 1000 
979 8 426 604 730 859 867 929 992 993 
108 1 694 
678 12 850 907 945 953 978 986 987 993 995 996 998 999 
345 18 388 928 981 983 985 987 989 990 991 992 993 994 995 996 997 998 999 1000 
504 4 969 991 995 1000 
988 6 553 807 813 969 988 997 
682 1 409 
318 12 404 692 804 941 951 979 984 994 997 998 999 1000 
789 12 500 573 642 656 701 802 991 992 995 998 999 1000 
519 5 75 382 860 891 995 
561 17 261 271 622 780 863 977 984 985 991 992 994 995 996 997 998 999 1000 
591 14 537 803 854 863 985 989 990 991 994 996 997 998 999 1000 
990 6 367 970 977 996 998 999 
281 19 338 891 938 964 979 981 987 989 990 991 992 993 994 995 996 997 998 999 1000 
561 17 221 273 647 827 835 914 966 972 982 983 987 994 996 997 998 999 1000 
509 9 70 2133 2344 3734 5005 5557 6088 7109 8244 
199 15 150 306 885 921 925 971 979 980 991 995 996 997 998 999 1000 
993 12 861 899 989 991 992 994 995 996 997 998 999 1000 
468 8 690 912 931 947 989 993 995 998 
545 5 902 982 993 995 997 
942 14 875 985 989 990 991 992 993 994 995 996 997 998 999 1000 
612 20 42 143 580 693 824 976 980 982 988 990 991 992 993 994 995 996 997 998 999 1000 
892 11 154 790 869 965 994 995 996 997 998 999 1000 
554 5 259 647 801 924 981 
554 5 168 730 990 991 993 
723 6 99 644 683 961 990 991 
628 18 753 885 978 983 986 988 989 990 991 992 993 994 995 996 997 998 999 1000 
312 14 64 575 642 718 786 864 900 935 994 995 997 998 999 1000 
298 5 554 927 996 997 998 
43 9 687 833 860 863 958 973 983 999 1000 
266 4 737 798 983 989 
118 4 771 792 943 958 
807 12 951 954 969 980 988 989 990 996 997 998 999 1000 
228 6 900 972 993 997 998 1000 
272 19 762 954 979 983 984 987 988 989 990 991 992 993 994 995 996 997 998 999 1000 
767 19 182 797 871 968 981 987 988 989 990 991 992 993 994 995 996 997 998 999 1000 
657 9 112 509 869 895 916 961 964 986 997 
188 2 345 619 
488 14 545 776 960 968 983 991 993 994 995 996 997 998 999 1000 
281 5 882 992 996 998 999 
685 19 447 718 969 983 984 985 987 988 990 991 992 993 994 995 996 997 998 999 1000 
296 7 884 989 994 997 998 999 1000 
363 17 98 313 339 795 861 908 928 948 952 969 975 988 991 994 995 996 1000 
761 14 325 519 955 972 987 988 993 994 995 996 997 998 999 1000 
267 1 226 
219 20 207 652 690 915 932 955 985 987 989 990 991 992 993 994 995 996 997 998 999 1000 
69 9 867 930 970 994 995 997 998 999 1000 
907 5 243 518 830 998 999 
477 16 471 513 630 660 909 916 957 978 989 994 995 996 997 998 999 1000 
30 3 657 696 710 
341 10 900 946 961 983 992 995 997 998 999 1000 
774 3 606 660 997 
536 19 325 810 867 888 935 937 964 975 987 990 992 993 994 995 996 997 998 999 1000 
243 14 559 595 908 939 941 949 959 981 985 990 992 998 999 1000 
488 1 342 
659 12 378 629 989 990 992 993 995 996 997 998 999 1000 
796 1 122 
447 10 273 412 680 977 993 994 997 998 999 1000 
166 13 814 939 983 989 992 993 994 995 996 997 998 999 1000 
121 19 576 939 977 980 981 983 985 987 988 991 992 993 994 995 996 997 998 999 1000 
612 9 313 601 987 988 990 995 996 997 1000 
811 1 561 
302 19 607 647 941 968 977 985 986 987 988 991 992 993 994 995 996 997 998 999 1000 
197 11 886 980 989 991 992 993 994 995 998 999 1000 
847 19 550 739 982 984 986 987 988 989 990 991 992 993 994 995 996 997 998 999 1000 
442 5 687 817 904 937 983 
171 5 611 726 731 866 870 
195 4 634 834 958 977 
103 11 414 701 894 900 931 971 985 986 996 999 1000 
735 4 574 809 996 997 
416 19 579 703 805 868 951 961 972 975 976 986 990 991 994 995 996 997 998 999 1000 
490 10 508 863 940 959 981 987 995 997 999 1000 
708 2 222 305 
868 18 676 842 958 975 986 988 989 990 991 992 993 994 995 996 997 998 999 1000 
793 11 198 385 860 867 875 993 994 996 998 999 1000 
307 8 605 622 765 895 978 986 989 993 
660 14 536 698 813 903 949 991 993 994 995 996 997 998 999 1000 
92 9 816 835 836 877 949 959 984 997 999 
302 8 259 793 975 987 991 997 998 1000 
280 17 411 980 985 987 988 989 990 991 992 993 994 995 996 997 998 999 1000 
465 18 107 200 426 600 740 914 981 990 991 992 993 994 995 996 997 998 999 1000 
641 5 411 598 751 818 993 
513 7 585 852 879 930 979 982 986 
750 12 526 735 929 989 992 994 995 996 997 998 999 1000 
208 12 540 980 989 992 993 994 995 996 997 998 999 1000 
749 7 82 788 978 986 997 999 1000 
998 16 828 858 899 969 988 990 991 992 993 994 995 996 997 998 999 1000 
812 7 787 845 892 937 947 993 996 
499 10 405 1349 1833 3645 3754 4297 5559 8230 8611 8748 
128 16 975 981 987 988 989 990 991 992 993 994 995 996 997 998 999 1000 
727 5 752 840 971 974 992 
547 2 690 898 
277 18 87 951 979 982 985 986 989 990 991 992 993 994 995 996 997 998 999 1000 
443 1 423 
997 1 695 
701 8 462 792 842 877 978 983 995 998 
485 16 874 921 972 974 984 988 991 992 993 994 995 996 997 998 999 1000 
207 1 526 
63 16 74 735 979 980 987 989 991 992 993 994 995 996 997 998 999 1000 
294 20 64 432 798 854 932 965 987 988 989 990 991 992 993 994 995 996 997 998 999 1000 
56 7 248 292 829 832 941 947 976 
494 3 598 681 697 
798 15 578 982 987 988 990 991 992 993 994 995 996 997 998 999 1000 
73 6 588 728 914 993 996 1000 
508 14 923 943 952 964 991 992 993 994 995 996 997 998 999 1000 
803 13 205 816 924 944 946 967 980 981 982 983 984 995 996 
499 16 85 300 411 685 950 974 981 988 990 991 995 996 997 998 999 1000 
588 3 787 805 858 
933 19 415 968 973 976 983 987 988 989 990 991 992 993 994 995 996 997 998 999 1000 
181 20 239 448 843 953 955 968 987 988 989 990 991 992 993 994 995 996 997 998 999 1000 
931 19 577 974 984 985 986 987 988 989 990 991 992 993 994 995 996 997 998 999 1000 
882 13 719 775 895 899 931 975 985 989 995 997 998 999 1000 
895 8 713 755 810 907 968 972 977 994 
899 17 621 964 965 967 978 983 987 991 992 993 994 995 996 997 998 999 1000 
557 3 526 734 788 
709 1 909 
756 3 83 320 377 
921 10 299 336 826 965 981 987 997 998 999 1000 
409 3 131 187 549 
944 9 131 177 390 437 594 780 932 947 959 
155 5 291 847 993 999 1000 
496 2 981 988 
174 18 570 615 677 913 950 952 963 973 983 987 991 992 993 994 997 998 999 1000 
749 15 786 854 927 959 990 991 992 993 994 995 996 997 998 999 1000 
50 14 218 849 969 972 975 977 982 989 992 995 997 998 999 1000 
666 11 14 495 556 778 949 977 980 984 996 999 1000 
355 13 605 729 949 973 981 983 987 993 995 996 997 998 999 
956 19 620 861 899 922 940 964 966 978 985 991 992 993 994 995 996 997 998 999 1000 
209 8 529 945 985 987 988 996 999 1000 
31 3 791 992 995 
980 7 400 582 848 930 989 996 999 
858 15 561 858 951 955 962 976 992 993 994 995 996 997 998 999 1000 
656 13 87 872 976 982 984 988 991 995 996 997 998 999 1000 
804 8 115 608 829 859 921 938 948 964 
370 10 10 405 587 906 955 983 989 998 999 1000 
695 3 111 120 613 
437 4 545 603 829 847 
156 1 589 
126 13 919 947 950 963 965 967 982 988 993 994 995 997 1000 
868 6 494 838 916 981 985 989 
689 9 618 802 957 994 996 997 998 999 1000 
503 19 318 825 828 901 962 980 987 988 990 991 992 993 994 995 996 997 998 999 1000 
650 2 661 801 
537 15 437 515 972 981 986 990 992 993 994 995 996 997 998 999 1000 
930 18 79 800 931 983 985 986 989 990 991 992 993 994 995 996 997 998 999 1000 
546 11 698 943 966 970 981 992 995 997 998 999 1000 
631 2 255 698 
109 1 716 
438 14 402 548 715 868 959 973 981 989 995 996 997 998 999 1000 
508 3 502 911 964 
384 9 389 741 777 979 991 997 998 999 1000 
495 12 573 886 963 988 993 994 995 996 997 998 999 1000 
472 6 815 929 978 993 996 999 
49 1 468 
743 1 504 
179 6 733 821 945 946 955 956 
278 2 144 704 
641 8 192 325 623 879 904 981 991 1000 
28 7 812 921 978 984 989 990 992 
121 5 69 158 702 793 933 
397 13 719 750 756 893 992 993 994 995 996 997 998 999 1000 
405 6 3308 4146 4351 5376 8161 8617 
692 5 463 473 705 806 845 
392 16 380 686 765 897 913 945 946 978 991 992 993 996 997 998 999 1000 
718 8 694 965 968 978 988 991 998 999 
639 5 884 996 998 999 1000 
386 12 66 622 674 928 938 976 993 995 997 998 999 1000 
230 18 678 735 951 976 985 988 989 990 991 992 993 994 995 996 997 998 999 1000 
844 2 992 998 
290 7 423 934 992 997 998 999 1000 
107 8 935 993 994 995 996 997 998 1000 
664 15 275 923 959 983 987 988 992 993 994 995 996 997 998 999 1000 
74 20 893 913 941 956 964 986 987 988 989 990 991 992 993 994 995 996 997 998 999 1000 
137 2 277 509 
783 19 608 934 958 982 985 986 987 988 989 991 992 993 994 995 996 997 998 999 1000 
462 19 573 942 979 982 986 987 988 989 990 991 992 993 994 995 996 997 998 999 1000 
108 19 127 436 678 975 980 985 986 989 990 991 992 993 994 995 996 997 998 999 1000 
464 4 180 904 993 997 
230 1 999 
555 9 115 217 309 522 969 996 998 999 1000 
778 1 965 
317 14 149 747 873 950 977 992 993 994 995 996 997 998 999 1000 
106 5 512 651 773 975 991 
448 19 436 844 940 985 986 987 988 989 990 991 992 993 994 995 996 997 998 999 1000 
700 14 145 535 696 751 790 935 952 975 986 990 993 998 999 1000 
930 6 373 649 816 881 936 955 
521 14 107 319 829 848 859 869 947 951 956 990 997 998 999 1000 
121 18 57 335 497 950 983 984 986 989 991 992 993 994 995 996 997 998 999 1000 
49 19 579 981 983 984 986 987 988 989 990 991 992 993 994 995 996 997 998 999 1000 
499 12 598 844 917 921 922 970 981 988 993 994 999 1000 
570 20 907 933 954 980 983 986 987 988 989 990 991 992 993 994 995 996 997 998 999 1000 
594 15 485 980 983 988 989 991 992 993 994 995 996 997 998 999 1000 
970 4 473 862 995 999 
314 17 738 819 959 979 985 987 990 991 992 993 994 995 996 997 998 999 1000 
331 4 845 847 898 993 
458 15 968 987 988 989 990 991 992 993 994 995 996 997 998 999 1000 
531 17 409 902 967 985 988 989 990 991 992 993 994 995 996 997 998 999 1000 
786 18 428 870 969 979 982 986 989 990 991 992 993 994 995 996 997 998 999 1000 
599 9 361 638 735 944 973 993 996 998 999 
738 8 859 964 984 996 997 998 999 1000 
356 9 421 815 913 979 992 997 998 999 1000 
190 1 71 
509 18 657 889 975 976 979 987 989 990 991 992 993 994 995 996 997 998 999 1000 
205 2 234 952 
506 3 468 851 884 
556 13 682 769 839 933 946 987 988 995 996 997 998 999 1000 
68 9 586 834 972 983 993 995 997 999 1000 
536 17 446 577 741 782 930 931 962 983 992 993 994 995 996 997 998 999 1000 
352 13 192 453 710 723 733 888 991 993 994 997 998 999 1000 
733 10 414 596 930 976 994 995 997 998 999 1000 
822 5 752 982 990 996 1000 
961 18 362 398 922 971 972 975 984 986 988 989 990 994 995 996 997 998 999 1000 
937 4 854 946 955 987 
876 9 990 991 993 994 996 997 998 999 1000 
457 19 815 895 969 982 986 987 988 989 990 991 992 993 994 995 996 997 998 999 1000 
426 4 951 995 999 1000 
117 11 283 601 798 828 932 970 972 994 996 998 1000 
744 3 177 797 822 
555 1 382 
190 14 39 326 854 945 991 992 993 994 995 996 997 998 999 1000 
454 18 957 962 974 979 983 987 989 990 991 992 993 994 995 996 997 998 999 1000 
750 4 747 852 916 978 
859 1 56 
58 16 87 309 573 791 876 947 991 992 993 994 995 996 997 998 999 1000 
142 10 866 943 987 990 993 994 996 997 999 1000 
50 15 531 873 930 960 963 977 983 989 990 994 995 996 998 999 1000 
280 18 701 756 974 981 987 988 989 990 991 992 993 994 995 996 997 998 999 1000 
186 3 983 997 998 
728 20 355 552 596 950 977 981 982 984 989 990 991 992 993 994 995 996 997 998 999 1000 
217 19 618 760 890 970 986 987 988 989 990 991 992 993 994 995 996 997 998 999 1000 
23 15 496 635 917 971 976 991 992 993 994 995 996 997 998 999 1000 
749 14 755 807 887 934 950 972 974 993 994 995 997 998 999 1000 
268 16 938 944 957 988 989 990 991 992 993 994 995 996 997 998 999 1000 
59 14 325 530 607 614 988 989 992 993 994 995 997 998 999 1000 
195 5 1358 2025 2987 6814 8211 
528 10 855 895 984 985 994 996 997 998 999 1000 
81 14 636 838 894 980 982 992 993 994 995 996 997 998 999 1000 
169 16 250 907 926 936 967 989 990 992 993 994 995 996 997 998 999 1000 
469 12 213 405 637 844 870 982 989 990 994 996 997 998 
254 14 677 745 835 897 909 925 931 961 994 996 997 998 999 1000 
200 14 89 191 973 987 989 990 992 994 995 996 997 998 999 1000 
694 7 3 596 740 829 891 927 980 
96 5 475 532 664 948 978 
427 18 586 614 734 956 979 983 984 986 990 991 992 994 995 996 997 998 999 1000 
152 18 482 550 753 845 939 947 965 974 986 989 993 994 995 996 997 998 999 1000 
995 18 68 839 901 922 972 988 989 990 991 992 993 994 995 996 997 998 999 1000 
412 8 935 958 977 991 992 995 998 999 
209 1 42 
692 7 818 829 843 870 928 985 994 
641 10 475 828 951 981 995 996 997 998 999 1000 
777 6 746 942 981 990 997 1000 
153 10 317 344 680 684 944 970 989 998 999 1000 
742 9 277 914 992 993 996 997 998 999 1000 
363 11 495 717 797 933 994 995 996 997 998 999 1000 
111 12 811 831 866 906 968 988 992 993 997 998 999 1000 
208 11 400 775 908 985 986 995 996 997 998 999 1000 
169 11 467 482 787 882 937 989 993 995 996 998 1000 
554 5 495 862 872 967 983 
791 6 365 977 988 997 999 1000 
846 4 993 995 997 998 
339 13 397 644 894 927 973 989 992 995 996 997 998 999 1000 
375 4 887 907 929 985 
43 10 356 372 775 841 899 913 968 970 991 993 
611 19 802 969 978 980 986 987 988 989 990 991 992 993 994 995 996 997 998 999 1000 
