100 4469
-15 -1 13
-55 49 3
93 -11 63976
67 -64 2
-12 -80 5516953
20 -45 890792109
58 -3 0
-59 6 6
46 56 3
-77 23 22757803
56 42 166545
-35 78 1
13 95 144892
10 96 1
-48 64 1
-34 -59 80
-18 64 0
-99 10 400268363
-32 1 1
-57 -50 1
15 8 1
56 -70 4
71 -53 1
39 56 0
-70 -53 1618513
-72 41 864948809
63 65 5
60 -4 18
-60 -26 1
67 25 3014704
2 -33 10
41 11 1936417
-24 54 0
61 -61 572
34 -81 1
-88 41 7541578
-55 6 107
-30 94 1
-46 49 880
-63 18 0
48 -53 2
67 -25 9
55 -15 0
-31 52 0
55 78 2
67 24 309
-14 -86 0
27 -58 1
8 72 2285254
-69 44 367236
-58 -27 1
50 -23 1
-27 -91 30
-59 78 199
-45 87 15875
59 -23 1
-14 -17 1
58 -58 266008998
48 31 1
-68 32 0
-78 -23 14
-14 -47 21
24 -41 0
10 -44 37
43 69 58
-53 64 1
66 1 2
-44 -16 542879
-6 -84 2
77 -15 15
39 -42 2
72 -7 0
31 79 113537023
63 -7 1
35 -69 4222565
36 10 181873
-57 41 2254291
-71 -48 1009
30 -54 1
9 42 2
0 -100 3961
45 -1 897405
-29 -45 2
69 30 32
43 -45 1264025
17 -86 0
-73 -9 0
-46 -76 14600438
-42 58 0
-84 39 16093
-18 -12 0
-10 -58 3296
50 -24 1
-35 -56 4938108
93 35 1
-44 -81 3
41 -19 147
-68 -30 4828292
26 62 8185492
19 -44 0
