100 3000
71 49
12 4
66 55
9 82
73 26
39 25
27 81
60 51
53 80
34 80
91 69
16 18
62 21
80 29
39 36
37 67
79 1
78 84
88 26
79 26
46 39
76 50
94 3
73 17
47 95
74 18
24 56
62 97
50 47
14 59
64 75
59 91
71 62
93 23
39 70
91 2
92 57
17 80
91 85
76 47
56 81
43 37
70 96
43 91
59 97
78 11
49 88
98 26
62 33
18 32
15 8
33 58
3 10
78 40
83 10
94 25
31 60
32 57
31 63
62 17
96 97
20 35
35 60
29 54
6 80
25 100
44 27
34 67
86 13
10 92
8 18
60 38
90 38
43 42
69 51
87 59
75 7
58 67
69 30
25 33
10 73
44 47
56 11
85 19
95 49
41 84
34 81
58 44
28 18
1 86
44 50
63 84
95 78
73 97
35 38
45 73
78 4
10 79
60 19
33 97
96 84
42 99
76 25
27 5
65 88
11 75
25 63
51 96
49 26
20 47
87 37
10 53
26 21
1 94
14 4
8 68
38 36
46 68
68 7
77 80
67 78
84 46
83 56
56 92
39 37
55 53
81 36
61 28
92 12
38 25
2 88
69 4
85 56
46 1
76 5
24 3
34 69
11 94
68 86
55 6
92 81
34 86
28 17
13 92
75 76
22 17
66 21
88 96
40 54
34 28
100 48
100 3
37 65
56 30
40 41
7 11
78 44
2 66
60 55
51 13
48 73
36 87
45 21
55 30
13 23
81 43
34 66
60 29
89 45
1 40
17 46
28 81
98 58
77 29
40 18
44 18
88 71
82 14
82 51
14 38
62 7
53 61
17 81
51 58
58 62
20 79
23 74
41 33
44 92
71 6
1 74
16 30
82 23
1 85
59 66
2 56
47 29
38 69
14 3
41 10
88 15
39 11
82 64
89 37
47 52
25 19
58 84
94 32
7 59
24 14
29 83
45 44
50 22
37 69
68 75
43 23
34 94
49 65
24 74
85 38
84 9
39 13
32 99
86 52
39 2
79 56
48 84
38 23
51 16
6 98
1 30
99 9
95 100
89 75
78 92
7 5
11 46
54 87
100 75
89 52
83 73
94 17
99 58
64 74
46 30
93 83
38 12
4 31
67 3
70 72
20 17
11 43
45 85
29 57
31 24
31 57
99 43
34 43
76 80
18 70
38 98
31 91
76 89
66 67
32 83
60 86
22 55
43 49
94 31
1 73
29 34
64 29
41 56
42 87
38 99
68 76
91 1
4 58
17 55
26 13
87 77
82 97
33 21
60 99
41 23
25 42
51 12
84 98
21 51
54 18
55 99
13 60
82 36
65 69
100 89
50 49
71 96
45 42
73 72
44 79
15 40
90 70
66 41
55 92
5 79
24 12
42 26
12 69
80 40
38 88
45 93
64 12
36 11
15 39
16 100
49 35
91 99
79 92
43 18
64 57
48 15
99 80
54 37
38 4
53 58
63 24
88 32
48 25
99 44
25 69
46 57
1 55
75 1
83 55
40 89
73 61
89 10
69 72
40 66
53 4
5 60
15 30
19 80
33 84
28 14
18 75
91 19
82 2
9 58
95 43
23 5
18 57
86 89
5 97
79 34
92 17
75 90
68 44
89 15
39 8
87 78
11 100
89 64
99 19
14 13
8 54
61 42
18 35
99 6
17 39
20 16
33 93
31 98
95 70
44 9
37 59
29 71
38 21
12 1
12 79
27 19
75 65
31 17
63 9
77 31
100 15
20 89
15 77
7 61
8 60
29 46
35 84
92 48
28 99
36 69
22 85
73 22
18 94
70 79
80 82
13 73
53 35
82 13
18 97
52 49
56 52
62 98
90 64
77 91
36 84
1 97
46 83
46 69
8 80
80 50
97 93
46 81
62 72
51 92
77 54
64 58
14 15
4 19
91 21
75 59
85 80
71 19
7 52
74 86
73 7
99 53
16 38
57 40
57 61
77 52
19 56
79 25
25 60
46 20
37 33
72 22
51 53
68 78
14 11
43 67
75 22
22 45
95 96
40 50
92 45
28 67
2 99
86 12
26 95
47 26
16 59
27 64
50 59
85 43
64 10
98 45
17 56
37 40
88 33
66 7
3 95
74 36
7 56
38 6
2 73
100 97
21 42
47 87
60 28
62 15
71 30
14 89
84 65
96 16
99 65
43 3
2 8
65 35
75 51
4 46
66 38
1 57
33 83
100 14
92 76
91 28
91 14
81 79
61 58
31 22
70 37
66 97
65 57
74 28
77 22
19 51
82 19
36 9
20 2
32 25
77 2
79 84
86 66
12 23
41 25
41 59
2 10
52 26
50 68
4 25
71 17
54 7
55 80
19 57
56 45
16 86
66 83
49 38
70 64
51 9
51 1
48 42
71 67
26 34
44 28
52 32
38 77
64 97
22 35
18 31
72 50
37 41
8 26
18 1
74 87
35 88
49 17
34 99
54 83
51 94
100 10
33 66
84 51
34 89
89 93
46 31
84 87
20 33
55 85
82 44
5 24
97 53
100 18
89 41
50 32
25 14
91 46
59 20
1 88
21 83
1 6
20 40
36 78
86 84
96 68
98 7
83 42
68 89
63 5
39 23
53 19
44 94
69 86
69 41
20 85
13 11
32 10
34 8
36 95
61 35
91 95
14 70
94 4
67 33
75 92
29 53
14 56
12 74
9 31
93 92
60 59
20 69
70 13
83 91
43 53
67 55
21 15
27 76
21 68
99 51
78 16
49 92
56 64
11 58
16 91
75 94
18 37
81 61
85 36
29 58
72 32
25 96
12 17
57 96
93 65
86 88
27 42
75 69
27 92
91 15
5 25
25 45
87 11
75 82
84 85
11 77
85 100
2 89
14 20
63 1
99 90
1 29
96 86
90 43
48 3
41 67
86 62
32 14
25 12
29 8
30 100
69 77
88 21
87 93
55 24
91 27
35 28
44 32
11 69
35 81
37 32
34 5
39 22
30 48
55 91
23 49
4 80
63 95
26 19
17 14
13 43
79 3
76 1
42 93
91 3
23 61
1 34
43 75
75 45
77 17
30 3
71 76
58 73
7 10
81 1
98 11
95 40
57 80
23 72
13 18
53 81
5 3
48 57
77 60
46 3
22 34
8 59
65 73
54 43
22 62
30 81
1 15
50 63
31 40
41 79
20 18
75 6
25 71
28 38
87 55
46 85
80 52
26 43
44 16
9 73
18 98
75 39
39 12
1 25
62 64
38 44
54 10
30 38
29 74
14 41
29 72
3 39
51 76
59 64
60 79
73 30
42 62
68 100
48 36
29 2
91 48
24 45
98 3
44 93
10 74
52 24
2 52
28 79
4 89
14 81
8 30
82 95
34 84
34 96
33 57
46 97
36 40
39 6
13 88
51 34
70 41
64 20
51 91
27 38
46 32
52 51
33 51
77 76
59 24
58 41
74 9
16 50
57 26
60 30
68 27
23 3
62 80
26 48
92 94
39 91
26 67
62 49
18 23
68 92
14 10
82 85
56 6
76 96
82 74
50 37
26 80
49 69
52 75
86 91
51 47
69 98
15 32
61 49
1 28
19 37
74 20
3 97
97 58
28 2
87 58
74 35
1 42
67 96
47 84
76 28
18 60
71 85
72 55
32 75
36 51
90 96
50 53
77 56
58 82
39 89
7 44
35 67
9 62
68 18
86 47
18 88
43 88
29 14
67 74
97 94
24 17
16 24
17 18
86 78
73 51
40 8
21 16
92 58
47 13
81 4
73 95
59 53
41 81
8 61
95 71
3 82
13 71
55 64
86 79
43 9
83 18
15 24
68 58
38 11
25 11
57 85
21 46
23 67
72 1
53 73
58 79
75 49
18 58
81 26
12 28
79 95
39 14
44 23
9 18
62 41
22 18
32 8
18 42
2 40
16 4
100 84
65 21
15 92
21 86
54 59
96 1
81 29
2 93
12 42
76 36
77 90
11 40
6 45
49 79
61 64
8 90
88 22
46 9
8 81
20 77
90 21
30 97
26 35
53 57
67 16
27 87
38 71
45 97
33 70
83 9
59 51
99 24
40 14
15 49
29 7
69 95
42 20
93 59
62 19
82 16
93 43
99 54
42 46
44 34
86 83
20 73
70 7
83 30
89 58
30 36
99 39
98 1
2 35
50 46
31 51
45 81
32 3
56 37
69 31
41 82
65 67
44 84
39 45
33 1
56 9
50 99
25 50
14 2
58 1
86 100
8 78
74 100
70 92
57 30
80 46
75 93
82 84
82 32
6 3
84 68
27 78
74 77
24 7
70 80
73 80
12 76
97 12
27 100
84 69
19 95
38 93
87 16
29 28
31 34
6 91
88 41
11 1
12 16
65 9
46 23
51 98
72 42
69 32
27 11
32 100
35 8
87 3
76 11
5 44
44 97
94 22
21 73
6 23
46 63
56 46
27 99
91 32
36 8
38 70
89 67
77 40
86 85
43 55
26 97
97 79
18 92
77 35
29 16
5 78
92 38
94 55
30 66
67 9
11 70
70 50
85 47
50 34
9 8
84 90
91 87
20 1
30 70
46 61
81 62
6 87
52 69
46 6
68 37
99 92
59 78
97 28
3 29
41 87
47 14
15 2
46 66
8 91
27 69
11 6
66 14
40 86
2 96
10 56
50 5
99 15
14 7
82 90
30 24
2 76
62 76
11 96
96 64
33 73
40 72
19 67
19 94
76 90
58 5
62 63
26 85
20 41
64 5
60 78
95 74
6 85
6 76
19 33
90 66
1 32
51 56
84 42
88 51
53 11
74 39
44 41
17 33
76 39
3 44
70 22
74 55
99 48
57 50
2 37
17 36
54 95
2 70
78 94
73 78
27 29
70 86
67 53
41 50
59 34
45 60
81 97
98 10
40 60
21 75
51 71
7 63
55 21
15 80
38 8
13 68
11 79
1 90
34 2
69 71
27 52
35 54
36 25
43 7
52 45
42 78
66 61
90 79
96 22
2 19
7 2
98 59
51 15
10 99
58 39
71 39
87 40
72 44
47 40
77 46
52 90
29 97
1 65
29 70
45 96
66 10
32 65
99 85
100 6
47 31
94 96
46 55
48 24
66 28
100 65
65 68
78 99
89 23
37 53
3 85
18 80
34 61
62 83
43 17
83 88
21 60
75 23
37 99
33 3
6 64
47 30
63 78
63 38
94 50
58 81
63 97
56 72
42 13
5 61
2 50
92 26
65 60
37 97
12 75
41 42
80 24
55 31
59 86
88 11
54 63
15 35
28 45
68 91
72 37
52 93
66 13
8 72
27 22
49 18
95 59
34 75
79 31
12 88
62 65
37 28
72 100
7 6
30 35
28 94
48 98
9 24
36 52
96 30
43 69
6 73
14 16
84 73
35 80
76 22
36 23
55 57
45 41
93 29
8 52
100 23
38 73
66 42
91 52
66 65
8 14
31 33
89 83
86 27
1 27
97 14
29 41
19 92
10 88
53 21
43 25
92 16
73 82
43 24
77 13
56 66
28 11
59 79
94 74
32 92
63 42
75 30
63 71
49 34
1 16
5 68
41 8
74 45
20 32
38 81
67 4
33 4
69 8
75 35
93 35
87 22
69 54
1 52
59 12
10 86
50 15
85 7
61 96
64 51
65 14
68 38
73 81
46 28
24 94
27 54
81 31
76 46
97 13
25 98
57 91
21 25
72 77
26 84
38 24
11 21
4 1
96 92
73 66
57 5
77 63
28 62
61 91
32 96
24 39
29 52
28 88
25 95
54 36
82 10
11 37
98 80
14 67
22 23
13 79
79 18
95 7
63 27
4 43
69 28
83 74
93 7
87 28
88 76
31 84
16 72
19 23
77 68
69 45
83 36
57 77
39 48
9 34
16 90
55 28
50 28
14 90
6 34
93 57
28 30
92 33
45 33
22 41
94 99
51 93
55 61
35 89
40 69
73 32
50 27
92 61
84 37
81 72
29 9
80 42
75 28
60 14
60 66
43 89
88 89
31 35
42 96
85 67
65 20
38 95
55 12
26 75
46 72
99 62
40 90
70 43
37 88
95 31
10 48
75 27
74 47
28 26
8 75
56 40
67 46
53 30
10 70
4 44
93 66
24 51
13 55
64 11
48 32
85 93
84 6
16 98
24 69
55 32
55 54
84 27
43 61
21 36
86 51
100 67
77 81
77 37
83 80
89 38
54 3
32 26
78 45
9 90
73 57
70 58
4 24
40 67
16 80
95 41
99 64
63 58
49 31
7 53
35 58
74 61
54 78
84 76
56 58
91 41
73 88
29 96
50 35
15 79
80 68
70 26
25 61
24 32
23 4
93 67
19 58
76 17
73 4
86 19
71 2
62 44
27 90
48 8
23 45
90 97
53 22
94 81
34 77
47 35
79 85
42 59
7 50
7 60
46 60
6 25
73 62
14 30
64 32
19 69
96 19
38 75
86 15
56 80
81 50
59 30
74 91
86 87
71 14
63 87
100 63
14 18
15 44
95 94
32 97
67 98
70 98
8 44
16 17
53 89
92 86
86 28
79 80
7 16
29 40
81 25
21 89
22 38
58 6
13 32
43 51
24 23
56 84
41 75
98 96
90 55
84 70
65 82
25 92
11 86
1 19
97 25
90 17
62 20
16 64
9 49
63 29
21 43
34 39
88 92
72 99
15 63
45 34
26 9
72 49
27 48
33 76
10 18
56 82
28 73
22 58
15 93
58 91
46 47
98 30
44 46
71 11
68 41
17 11
80 13
57 69
59 96
81 24
30 6
79 75
34 76
38 17
76 52
10 57
10 23
31 12
46 70
92 89
54 66
19 89
35 33
88 36
95 15
100 20
84 55
53 16
66 39
27 14
2 31
42 74
95 57
63 55
100 5
81 2
46 34
56 61
73 14
53 93
76 86
1 49
90 5
36 60
62 26
52 33
70 55
44 53
75 40
33 98
97 20
83 49
17 48
74 25
45 67
50 88
20 30
34 64
44 86
26 44
86 35
60 100
84 25
25 62
12 49
71 27
96 9
4 30
55 96
39 55
40 100
79 33
41 94
100 59
6 95
10 68
24 35
83 67
13 41
16 39
57 39
87 82
64 84
72 21
28 68
26 37
63 22
85 15
27 35
30 34
97 36
80 44
13 90
72 85
62 82
37 75
60 41
15 45
93 30
71 1
1 93
27 83
7 28
6 27
14 21
37 51
50 6
29 100
89 57
32 87
32 27
76 53
43 5
4 85
72 2
79 82
13 27
4 2
3 20
96 13
69 56
21 61
4 50
41 39
6 15
12 50
42 19
72 71
20 96
61 70
38 18
67 6
7 32
8 19
91 64
84 50
11 93
28 95
26 63
96 50
71 56
29 11
50 58
41 83
4 22
25 54
37 64
11 49
22 78
50 86
58 8
59 52
24 27
3 18
37 21
57 34
21 63
43 47
29 92
42 9
93 18
43 84
40 74
83 96
57 79
5 89
78 71
92 14
80 38
77 67
66 69
49 74
3 61
25 56
41 86
30 43
87 70
70 78
48 69
66 23
24 40
93 94
2 100
69 16
74 65
90 86
97 83
77 71
92 1
10 8
73 99
71 47
24 64
70 59
68 54
19 17
81 80
45 31
50 38
38 65
3 37
88 40
89 97
43 97
9 39
73 96
40 65
32 62
31 7
82 81
5 13
83 53
77 99
1 7
62 39
14 68
22 48
99 18
34 41
35 87
26 100
90 12
33 80
63 39
97 22
65 47
19 97
77 16
20 57
52 16
80 43
48 1
91 30
68 61
34 70
79 7
82 71
56 89
84 24
20 13
32 84
40 30
29 18
16 27
3 11
87 5
38 15
3 27
36 61
67 18
97 86
74 66
88 70
89 30
78 83
21 80
74 33
33 94
85 87
53 15
33 47
29 30
71 35
45 47
37 71
4 91
78 32
30 18
28 82
62 37
6 4
78 13
38 86
65 79
27 23
76 48
36 89
65 31
83 90
17 44
76 60
98 5
50 67
34 88
61 12
87 12
8 74
31 10
34 85
51 17
19 61
38 34
42 38
16 6
23 42
5 4
78 14
36 7
33 11
78 51
27 39
61 60
56 73
69 63
20 56
97 34
20 91
71 66
96 93
5 8
96 46
48 47
48 94
37 31
96 80
77 65
54 5
23 2
82 88
25 20
80 28
60 90
79 53
70 1
15 33
39 65
74 30
42 14
46 78
97 85
67 73
26 78
10 94
91 26
80 63
24 13
66 87
72 61
10 37
58 27
99 75
75 19
35 96
47 55
55 44
41 64
20 52
33 50
77 30
25 51
24 67
4 84
20 29
91 23
76 16
42 15
52 83
51 68
88 16
24 62
4 39
69 42
80 12
86 65
61 29
12 54
26 23
4 42
21 77
17 91
62 18
94 12
47 54
3 1
40 48
42 22
54 98
43 15
40 98
25 34
4 98
42 95
69 55
100 28
23 29
15 25
67 31
22 11
98 100
41 73
1 43
54 51
46 8
77 49
62 14
77 27
3 45
67 80
56 75
65 28
89 32
74 90
35 62
50 51
73 98
62 34
74 46
19 35
80 25
43 40
96 17
63 43
79 22
92 97
90 59
58 3
55 41
98 68
27 45
15 23
71 92
18 84
100 4
32 31
2 43
47 11
3 96
38 51
94 66
36 5
28 78
47 88
65 50
75 9
98 89
94 36
10 84
78 7
36 32
6 14
39 54
30 5
19 63
4 86
87 7
23 14
46 94
90 36
65 59
31 14
58 46
77 61
5 32
5 31
21 44
22 91
27 82
82 21
26 69
17 64
89 54
23 34
72 18
21 94
94 52
22 68
93 72
8 86
14 54
28 70
65 8
29 79
59 71
33 86
55 48
72 26
75 55
17 40
54 32
19 88
80 93
99 96
37 91
22 80
92 63
40 99
60 49
7 34
47 70
95 64
86 72
14 69
97 65
27 59
20 36
45 87
85 63
60 39
39 78
94 85
59 89
42 51
17 30
33 82
51 10
76 35
58 60
3 80
12 22
63 28
5 84
8 63
22 57
66 51
29 59
26 7
4 47
87 83
58 74
76 73
9 52
78 100
84 93
29 62
98 79
99 100
4 17
67 64
37 4
98 64
100 17
61 38
91 63
1 62
6 24
59 25
72 63
44 42
59 99
80 95
84 2
43 56
89 26
10 80
1 87
73 3
17 2
27 80
87 43
43 44
28 15
55 58
95 60
40 81
90 46
18 69
12 73
71 16
27 36
40 16
54 88
45 49
15 55
93 46
14 80
64 77
91 13
50 71
1 59
45 4
30 61
4 93
79 2
51 3
60 93
87 89
14 1
7 8
84 19
83 14
15 36
3 57
45 59
47 53
41 54
57 90
26 31
95 11
61 89
82 50
75 72
86 20
90 95
3 62
72 17
19 76
69 100
50 23
56 53
70 57
32 34
44 6
49 2
20 84
12 21
90 19
11 34
77 43
3 71
7 35
88 59
60 72
1 36
78 10
78 38
82 91
65 41
90 31
59 68
41 27
35 83
14 35
67 82
61 90
90 51
54 20
19 43
37 17
40 52
2 5
89 9
98 99
26 11
95 33
25 66
44 66
14 84
93 28
45 72
18 73
66 1
51 41
12 91
59 74
40 28
92 87
100 93
68 30
17 54
33 55
63 86
80 66
67 63
67 86
76 18
96 31
54 16
96 7
84 21
33 54
42 97
28 10
17 8
84 30
76 66
57 62
74 21
71 23
12 99
27 46
85 9
94 53
45 99
28 53
64 54
46 25
75 88
5 74
67 8
24 78
40 13
23 25
57 44
42 86
59 47
66 53
64 30
40 33
61 80
32 19
9 14
4 40
3 60
3 47
96 8
8 12
1 89
55 9
23 76
9 11
68 66
50 74
46 22
81 63
13 25
10 16
50 64
71 18
87 18
36 75
99 63
95 56
88 31
81 21
83 61
9 16
56 57
48 29
19 52
80 65
74 3
81 86
76 83
13 8
50 48
90 56
63 64
35 5
32 93
65 17
53 26
39 92
5 69
83 22
91 24
53 46
53 74
92 34
19 5
37 27
45 10
70 27
2 92
20 78
89 29
59 22
62 43
73 19
84 83
16 22
23 32
25 75
61 41
38 5
11 20
91 75
62 85
15 98
62 96
83 1
76 32
14 87
90 23
91 73
65 83
20 48
83 3
49 55
36 22
59 35
19 64
53 95
43 36
64 79
50 77
86 39
60 81
29 21
93 5
33 75
92 31
34 27
54 96
100 73
93 54
44 76
23 92
5 75
67 61
44 83
90 94
34 54
32 67
38 96
25 77
45 86
98 81
20 70
81 93
26 4
17 29
95 10
100 77
7 83
45 64
77 44
33 78
11 67
3 49
92 7
23 79
47 19
1 99
74 2
93 21
7 37
67 5
2 46
78 64
52 28
82 31
58 54
46 19
29 99
13 85
53 32
34 73
74 37
57 54
100 88
84 91
27 62
19 16
52 87
97 49
85 25
43 82
44 54
23 65
63 56
35 63
71 34
1 5
13 84
16 41
70 89
34 48
6 47
54 100
67 88
53 17
76 78
93 77
97 88
36 70
64 38
100 83
28 90
65 46
52 53
2 16
86 37
46 41
2 75
48 5
67 25
74 93
56 98
97 40
34 12
70 82
88 62
74 85
15 13
23 37
79 8
55 71
95 30
80 97
82 25
12 89
81 18
38 45
12 30
26 38
29 91
7 48
52 95
79 73
100 90
88 30
46 89
7 9
57 2
94 5
62 38
63 61
51 44
54 15
10 34
97 9
58 15
1 37
37 24
9 13
7 94
17 99
40 63
90 39
74 51
39 29
24 36
100 35
40 53
10 69
41 49
22 54
94 6
20 26
98 44
5 18
63 57
97 77
55 20
53 96
38 43
23 52
88 42
49 89
22 95
24 19
97 35
74 31
44 60
78 25
30 22
6 83
68 90
90 2
64 2
3 64
12 15
20 75
83 20
29 85
49 94
50 100
36 63
2 1
26 61
9 27
73 15
16 36
38 13
5 6
83 95
55 95
95 8
70 66
39 20
26 76
86 30
38 82
6 97
56 15
82 60
7 23
70 15
95 62
38 7
45 94
65 13
23 9
50 17
80 2
20 23
4 96
19 11
43 29
29 26
57 28
48 78
38 9
19 18
22 60
76 13
94 63
77 6
79 36
70 75
12 14
12 81
55 35
1 69
78 15
33 99
76 3
64 25
9 6
95 84
60 57
99 61
53 49
95 58
34 52
59 5
40 91
94 40
23 11
72 43
8 76
10 49
31 15
48 46
94 14
20 51
20 67
93 9
14 34
65 29
56 93
93 90
52 98
33 2
96 41
83 60
33 89
27 17
8 84
76 20
40 32
91 44
51 30
87 15
60 53
8 42
14 86
35 3
28 25
66 36
61 9
2 59
21 18
15 47
55 45
84 99
4 32
1 84
13 10
97 69
66 19
43 60
13 57
61 88
69 61
76 97
23 83
35 91
7 21
24 41
62 31
33 100
30 63
92 84
89 62
72 33
64 65
94 91
14 52
71 33
36 92
41 76
6 65
58 26
45 29
12 70
22 74
7 76
29 38
48 74
74 73
58 16
21 99
18 85
63 14
56 48
97 70
86 6
63 20
47 67
96 79
95 37
74 57
89 50
25 91
74 69
99 46
53 27
34 47
75 31
17 7
67 81
63 93
30 99
96 82
66 8
85 11
38 33
86 7
31 21
90 89
67 21
59 38
9 47
46 87
56 18
37 58
20 19
32 58
16 26
82 30
53 5
3 65
53 48
45 54
71 31
71 93
86 24
95 98
1 47
68 26
51 81
81 19
67 51
26 22
24 29
11 91
79 50
60 69
43 66
6 48
44 13
68 25
68 56
31 86
70 85
56 78
33 39
77 36
68 11
70 56
76 70
76 42
72 96
82 83
33 9
52 12
29 88
8 3
4 49
82 98
54 70
87 68
24 8
15 97
32 21
83 81
43 58
16 35
56 39
95 20
10 61
43 73
6 41
52 44
91 5
47 90
4 57
4 52
14 50
21 52
94 20
14 33
49 91
79 27
42 40
13 36
87 44
50 13
52 100
74 80
18 50
92 5
63 13
90 50
62 74
43 96
58 21
85 51
59 13
75 84
54 60
4 54
25 83
12 18
42 11
83 45
47 64
97 50
76 29
45 48
35 36
34 56
58 7
78 50
55 14
85 52
53 45
39 31
46 36
77 53
30 41
89 66
24 42
82 57
33 34
95 13
52 97
80 91
36 49
96 89
21 49
100 13
87 98
95 29
92 62
19 13
52 67
76 45
94 79
33 36
83 92
71 74
52 39
62 78
58 17
58 86
30 9
6 26
92 91
60 63
31 97
63 34
71 90
16 65
54 73
58 31
1 56
73 75
86 23
52 13
19 3
76 56
85 8
58 10
9 35
59 56
42 29
34 68
31 89
3 99
13 17
15 41
81 49
41 63
36 65
93 49
2 63
64 21
44 90
52 62
20 87
49 70
71 100
65 71
31 70
82 92
83 16
23 56
75 80
75 63
74 76
32 28
53 62
33 30
72 10
11 32
68 2
55 78
84 89
22 7
86 64
13 45
83 34
47 97
24 85
56 91
53 2
18 65
35 4
83 98
96 24
91 81
30 13
74 41
55 29
77 33
77 3
2 24
15 74
48 64
26 45
22 69
53 41
86 3
58 28
96 65
48 85
72 98
70 5
82 93
89 44
93 37
84 15
49 28
39 44
4 77
95 12
33 68
44 73
13 31
81 59
11 55
16 56
72 36
18 47
48 58
88 95
66 4
10 87
73 55
32 71
25 8
59 23
70 91
47 12
66 81
54 46
3 53
37 78
55 26
59 11
24 71
42 58
98 92
87 26
40 45
34 74
67 15
37 36
49 96
24 92
54 67
24 26
3 68
15 96
61 15
11 10
66 22
50 39
25 52
61 27
70 25
50 29
76 85
17 75
100 42
25 49
79 83
82 20
94 69
80 45
3 55
8 94
67 48
52 10
46 73
6 49
13 93
42 68
90 10
9 59
56 60
49 84
10 20
78 85
64 85
52 81
51 46
2 83
39 19
74 89
63 88
30 79
66 17
60 92
49 47
35 70
72 30
27 94
18 77
68 12
10 77
55 40
47 32
70 52
88 7
34 20
55 76
87 96
36 73
53 85
62 50
11 60
38 57
49 66
55 52
77 14
100 37
11 61
81 44
77 82
45 19
7 40
35 95
96 27
51 26
17 45
19 72
10 55
8 88
66 32
60 71
69 21
18 41
77 32
52 92
32 16
42 65
72 90
18 78
44 1
62 8
35 64
45 16
31 44
27 7
75 81
71 52
73 31
74 97
83 43
100 45
7 41
6 52
62 59
27 60
20 6
71 8
9 17
93 20
30 25
40 79
24 11
53 13
31 3
11 81
50 45
68 9
58 49
83 38
76 10
95 72
32 45
35 98
64 53
21 4
54 30
45 65
17 41
73 85
53 12
46 35
35 51
88 99
87 50
25 88
4 48
66 98
57 68
99 56
70 100
7 90
66 12
