1000
-9564 9707
-9496 9892
-9040 9525
-8353 9291
-7818 8758
-7564 8550
-7520 9054
-7734 9670
-8663 9712
-6941 9966
-6464 9456
-5985 8729
-5884 9314
-5641 9446
-5749 9620
-5453 9450
-5582 8433
-5602 8083
-5173 7972
-5152 7494
-5052 7809
-4914 8318
-4442 7741
-4180 8492
-4250 8511
-4950 9522
-5093 9900
-4938 9769
-4315 9937
-4384 9848
-3983 9141
-3648 8856
-3892 9201
-3785 9860
-3743 9822
-3435 9919
-3122 9957
-3375 9587
-2793 8944
-3322 8644
-3783 8392
-3698 7642
-3196 8301
-3316 7547
-4015 7511
-4848 7436
-5064 7487
-5273 7241
-4890 6422
-5058 5888
-4640 5207
-4643 5819
-4525 5680
-4346 5802
-4345 5507
-4202 5957
-3497 6397
-3654 6058
-2964 5432
-3603 5500
-3642 5429
-3783 4793
-3082 5260
-3221 4409
-3340 3685
-2569 3343
-2556 3874
-3062 4376
-2539 4543
-2421 4350
-2025 4871
-2476 5155
-1783 5045
-1768 4454
-2283 3802
-2079 3170
-1874 3303
-1773 3675
-1479 4207
-1708 5047
-2039 5921
-2547 5668
-2621 5755
-2863 6538
-2519 6997
-2732 7362
-2886 8154
-2129 7705
-1997 8087
-1813 8094
-1618 8444
-2112 8336
-2194 8452
-2387 8506
-2681 8931
-2082 9598
-2313 8904
-1635 9223
-1650 9899
-1145 9496
-1481 8783
-1060 8738
-1206 8469
-1520 8300
-1401 8225
-433 8038
-1635 7773
-2263 6787
-2010 6088
-1256 5555
-1853 6336
-448 7101
137 6334
-15 6197
-970 6118
-1013 6071
-917 5517
-473 5605
-836 5057
-319 4705
-561 4328
-950 3455
-1183 3048
-537 2496
-827 3127
-625 3371
-177 3738
-265 4178
578 3750
45 3166
-121 3002
25 2940
57 2517
-734 2087
-1064 1700
-1173 1105
-1104 586
-661 1237
-19 346
-366 1456
179 1454
417 1755
205 2480
250 2940
658 3148
1058 3524
1541 2761
573 2682
517 2093
1543 2151
1202 1778
1538 1386
1147 668
1735 305
1906 73
2249 956
2384 1877
2899 1277
2752 1771
3341 2376
2699 2461
2393 2813
2253 3270
1669 2833
2229 3343
2295 3628
1452 3477
956 4233
-175 4479
438 5119
879 5104
1584 4657
1620 4956
914 5549
1198 5768
1110 6322
1786 5846
1900 6660
1583 7324
1349 6992
898 6752
1084 7176
219 7369
32 7982
113 7930
766 7990
35 8145
69 8571
-71 8381
-725 8743
-42 8742
-241 9477
-1013 9908
-84 9916
-59 9939
357 9445
1388 9722
984 9405
1450 9427
1524 9597
1925 9573
2160 9133
2157 9120
1426 9192
2034 7836
2067 7373
2488 7858
3162 8231
2489 8330
2257 7991
2338 8673
2361 9150
2478 9944
2125 9956
4735 9961
3936 9467
3238 9241
4058 9375
4189 8829
5255 8370
4822 8070
4164 7822
4494 7531
4849 7388
4789 6865
4132 6639
3014 6598
2726 7589
2393 7058
2292 6856
2794 6700
2362 5514
3002 4326
2939 3928
2829 2999
3099 2815
3200 2618
3606 2919
3450 3309
3989 3873
3320 4011
3211 4607
3284 4885
3085 5159
3460 5886
3634 6386
3961 6256
3966 5451
4275 6282
4132 5206
4012 4152
4011 3975
4214 4000
4928 3054
4331 4169
4513 4830
5577 5258
4777 4653
5604 4892
5668 4790
6999 5638
5473 5652
6184 6821
5366 6709
6456 7342
6789 6550
6811 7637
7046 7852
6432 7673
5119 7950
5351 8429
5404 8727
5508 8987
5568 9101
5440 9760
6142 9594
6036 9465
5749 8753
6242 8383
6274 9428
6631 9455
6947 8584
7770 9917
8282 8996
8733 9772
9499 9771
9436 8570
8235 8455
9366 7785
9661 7298
8921 6311
8838 7079
7651 7857
7222 6314
7155 6181
7711 6251
8612 6413
7991 5746
8722 5983
9253 5850
9652 5302
9335 5495
9270 5430
8762 4836
8252 4577
8976 4662
9715 4969
9099 4207
9531 3912
9998 4738
9938 3737
9938 3331
9385 3242
8698 3421
8429 3857
8182 3955
8466 3042
6961 3120
8169 2637
7945 2434
8892 1874
9052 1886
9287 2629
9748 2332
9383 2073
9933 1732
9098 1429
9380 1003
9004 789
8557 1482
7814 1296
8119 845
7401 500
7641 847
7255 893
7407 1538
7192 1523
7362 1732
6592 2046
6575 3149
6680 3409
7020 4377
7241 5190
6284 4243
6163 3586
5854 3777
6185 3210
5896 2895
5304 3194
5082 2963
5356 2651
5457 2080
5174 2694
4368 2697
4210 2361
4120 1206
5337 1523
5714 2155
6195 2209
6368 1245
6640 1524
7056 769
6351 667
6088 1005
5049 486
6039 499
6643 149
7373 188
8568 -48
9822 771
9997 -821
9949 -2000
9676 -936
9011 -1357
8876 -932
8490 -422
7928 -721
7441 -679
7512 -262
6832 -168
7072 -646
6871 -784
7553 -1191
7626 -1332
6646 -917
6777 -804
6098 -626
4612 -5
4125 86
4156 -205
3594 -366
4224 -288
4856 -1279
5523 -1138
5994 -2373
6572 -3030
6646 -2599
6749 -2603
6776 -2889
8037 -2689
8564 -2540
8711 -2917
8776 -2671
9035 -2050
9128 -1754
9563 -2182
8907 -2791
9274 -3004
8857 -3186
9351 -3202
9764 -2729
9846 -3454
9224 -3689
8287 -3557
8349 -3921
9229 -4135
8080 -4345
8054 -3863
7503 -3488
7420 -3798
6775 -3512
6843 -4548
5936 -4266
5600 -2560
5013 -1954
4673 -1363
3896 -1278
3825 -1752
4251 -1968
4673 -2288
4567 -3128
4464 -2404
4116 -2662
3795 -2066
3595 -2373
2753 -1718
2629 -2655
3348 -2534
3801 -3129
4297 -3149
4320 -3695
3872 -3521
3597 -3182
3167 -2894
2606 -2698
2153 -3084
2632 -3185
3173 -3714
3546 -4002
3616 -4025
3722 -4205
3657 -4507
3273 -4708
4252 -5321
4269 -4515
5536 -5011
4468 -5160
5296 -5485
5776 -5087
5830 -4996
6636 -5158
7558 -4699
8040 -4688
8696 -5337
9386 -4924
9700 -4442
9633 -4801
9925 -5178
8874 -5718
9591 -6153
8911 -5951
8632 -5595
8081 -5663
8481 -6280
8074 -6186
7874 -5923
7775 -5791
7411 -6203
7312 -5894
7147 -6244
7015 -7068
7008 -7193
7244 -7292
8509 -6959
9035 -6574
8985 -7277
9285 -6802
9166 -7533
9850 -7116
9329 -7635
9593 -8385
9325 -8341
9150 -7611
8841 -7553
8779 -7470
8460 -7938
8114 -7882
8024 -8269
8348 -8419
8531 -8666
9395 -9136
8416 -9887
8755 -9482
8306 -8835
8544 -9617
7683 -9970
7691 -8967
7606 -8290
7242 -8770
6894 -8375
6148 -8239
6130 -7864
5801 -8054
5876 -7519
6208 -6939
6863 -6333
6647 -5726
6449 -5537
6274 -5487
5018 -6397
5039 -6660
5395 -8039
5793 -8819
6519 -8837
6338 -9173
6691 -9642
7162 -9833
5776 -9926
6049 -9600
5826 -9285
5372 -9450
5367 -9512
5455 -9736
4640 -9845
4242 -9908
4691 -9575
3990 -9673
4336 -9193
4996 -9261
4701 -8377
4691 -7887
4196 -6801
4738 -6460
4244 -6617
4688 -6259
4487 -5672
3854 -6631
3844 -8012
3481 -6548
3446 -5791
2785 -5632
2902 -6107
2599 -5760
2597 -5238
2610 -4132
1693 -3834
2150 -4403
1662 -4178
2020 -4507
1468 -4570
1807 -4879
2011 -5229
2308 -5765
1863 -5900
2446 -6324
2589 -6591
2376 -7560
1890 -7059
2259 -7612
2856 -8316
3654 -8159
4075 -8947
3972 -9256
3952 -9041
2948 -8558
3405 -9531
3519 -9970
3163 -9660
2043 -9563
3030 -9518
2081 -9142
2061 -9229
1745 -8926
1847 -8494
1365 -8630
1465 -9438
470 -9907
789 -9112
670 -9104
680 -9047
1174 -8655
1298 -8578
1778 -8046
1986 -8092
1846 -7874
1586 -7480
1303 -7629
1274 -7360
1280 -7139
1630 -6871
1474 -5858
639 -5940
1536 -5212
1447 -4851
1253 -4799
1213 -4344
558 -4254
6 -4513
-174 -4345
-318 -4104
-684 -4167
-505 -5060
-159 -5135
427 -5939
186 -6058
187 -6149
178 -6618
61 -6335
-168 -6855
255 -7059
833 -7285
534 -7311
1013 -7762
1137 -7944
125 -7690
196 -7455
-23 -7102
-627 -6922
-1636 -5879
-1290 -6866
-1176 -6954
-1530 -7142
-1592 -7511
-1300 -8060
-1108 -7817
-707 -7644
-231 -8178
-648 -8388
-136 -8726
-333 -8915
223 -8894
-6 -9693
-382 -9377
-638 -9584
-470 -9516
-243 -9908
-627 -9866
-1580 -9770
-1039 -9061
-380 -8872
-939 -8779
-1215 -8564
-1320 -8398
-1623 -8709
-1829 -7995
-2001 -8752
-2789 -7976
-3069 -6987
-3783 -7147
-2963 -6346
-2463 -5767
-2493 -5720
-2165 -5668
-1318 -5087
-1034 -5187
-1214 -4969
-1188 -4713
-1333 -4727
-1351 -4388
-2322 -4829
-2556 -4733
-2440 -4997
-2777 -5445
-3196 -5674
-4336 -6561
-4437 -6846
-5059 -7216
-4841 -7324
-4487 -7906
-3938 -7918
-3072 -8395
-3200 -8473
-3305 -8602
-3355 -8623
-3210 -8681
-3345 -8862
-2727 -9542
-2630 -9644
-3945 -9879
-3962 -9201
-4108 -9633
-4730 -9940
-5145 -9987
-5018 -9553
-5607 -9704
-5546 -9901
-6035 -9770
-5521 -9401
-5521 -9142
-5134 -8380
-5128 -7962
-5254 -7744
-5903 -7740
-6007 -8660
-6047 -8922
-6084 -8798
-6240 -8910
-7135 -8623
-7904 -8368
-7505 -8245
-7448 -7826
-6923 -7400
-7646 -7294
-7504 -6578
-8028 -6894
-8065 -7724
-8180 -7724
-8426 -7814
-8464 -7476
-8962 -7875
-8754 -8131
-8494 -8359
-8528 -8410
-9751 -8918
-9751 -8474
-9305 -7884
-9514 -7837
-9564 -7076
-9823 -7359
-9655 -6830
-9531 -7022
-9530 -6871
-9515 -6780
-8789 -6990
-8642 -6901
-9321 -6494
-8509 -6648
-8119 -6320
-8680 -5975
-8024 -5883
-7963 -4973
-7781 -5809
-7804 -6047
-7159 -6358
-7298 -5401
-6146 -5491
-6703 -6622
-6837 -6513
-6587 -6968
-5724 -6234
-4563 -6516
-4716 -6042
-4475 -6433
-4010 -5125
-3378 -5159
-3235 -4339
-2266 -3516
-1092 -3295
-322 -3591
-1026 -2793
-1105 -2448
-1913 -2849
-1292 -2179
-2760 -2320
-2465 -2963
-3525 -4162
-4251 -4414
-4585 -4493
-4661 -4252
-3861 -3676
-3332 -2520
-2957 -1771
-2898 -1013
-3221 -1670
-3525 -523
-4008 -1785
-4393 -2324
-3596 -2494
-4441 -2574
-4415 -2502
-4603 -2485
-4441 -2877
-4783 -3174
-4894 -3001
-4856 -2277
-4752 -2054
-5586 -1678
-5848 -2416
-5127 -3207
-6166 -3037
-5802 -3892
-5203 -4118
-5019 -5034
-6181 -5233
-5709 -4228
-6390 -4796
-6272 -4307
-5843 -3964
-6352 -3300
-6510 -3143
-6680 -3767
-6938 -3793
-7776 -4884
-8136 -4859
-8441 -4766
-9063 -5253
-8940 -5616
-9142 -5969
-9311 -5583
-9470 -5503
-9938 -6525
-9616 -4489
-9305 -5055
-8536 -4678
-8653 -4400
-7949 -3878
-7960 -2837
-9133 -3617
-9104 -3781
-9592 -3918
-9671 -3893
-9491 -3507
-9817 -3876
-9468 -3136
-9938 -1717
-9055 -2552
-8702 -2657
-8772 -2387
-8795 -2142
-8728 -1950
-9253 -1852
-9447 -1655
-9646 -1689
-8943 -791
-8883 -1506
-8254 -1151
-8346 -750
-7959 -1165
-7914 -1550
-7499 -2633
-7651 -3105
-7559 -3090
-6854 -3070
-7209 -2649
-7732 -1398
-7218 -1211
-6493 -2256
-6280 -2655
-6091 -2334
-6029 -1806
-5876 -1305
-6679 -994
-6847 -890
-7270 -914
-6864 -532
-5256 -267
-5258 3
-4911 -1
-4714 -393
-4687 135
-4104 280
-4795 362
-5250 419
-5303 -14
-5542 483
-4877 688
-5152 1358
-4730 1640
-4569 1481
-3823 348
-3558 -155
-3488 503
-3273 645
-3200 206
-3101 206
-2517 649
-2166 1174
-1890 1215
-2232 1344
-3087 1227
-2727 2130
-3253 2124
-3396 2444
-3512 2284
-4594 2114
-4707 2082
-4376 2726
-3977 3104
-4552 3747
-4494 4479
-4490 4597
-5195 4213
-6234 4195
-5429 4010
-5938 3822
-5872 3727
-5256 3302
-5697 2531
-6313 2403
-5846 1382
-5906 337
-6736 209
-7869 -385
-8118 -263
-8159 172
-7692 461
-6933 1161
-6673 1471
-7217 1572
-7766 1789
-7957 1449
-7882 521
-8238 216
-8387 209
-8342 -244
-9025 -235
-8700 824
-8406 973
-9079 1077
-9584 1614
-9464 1822
-9439 1834
-8605 1913
-9563 2420
-9167 3039
-8030 2390
-8002 2006
-7288 2316
-6790 2618
-6420 2477
-6234 3424
-6570 4007
-6476 3464
-7002 3172
-7158 3504
-6729 3793
-6861 3936
-7122 4050
-7374 4467
-7962 3111
-9034 3463
-9054 4036
-9194 3725
-9475 2911
-9795 2267
-9897 2007
-9648 5425
-9982 7913
-9074 6711
-9333 5699
-9075 6216
-8961 5872
-9253 5220
-9100 4892
-8595 4753
-8719 5945
-8376 6268
-8123 6165
-8117 6724
-7958 6185
-8316 5911
-7734 5039
-7578 5850
-6805 5488
-6767 5317
-7315 4571
-6484 4428
-6307 5632
-6522 5739
-6723 5880
-7268 6073
-7752 6423
-7154 6234
-7131 6267
-7072 6355
-6937 6268
-6540 6167
-5701 6035
-5900 5632
-4847 5009
-5450 5855
-5089 6359
-6071 6460
-6234 6651
-6667 6891
-6903 7077
-6650 7378
-6647 7941
-5897 8204
-6363 8219
-6356 8241
-6760 7987
-7560 7463
-8084 7579
-8101 6940
-8711 7776
-8155 7669
-7951 8029
-8381 9018
-9444 9246
30
20859313 2344118 10120305 5926302 37219509 35168973 155990 11179748 5312744 36620739 17903606 9559016 33095331 19215731 39497990 35010608 9077166 24452706 23592814 22837121 12785977 36708352 38483226 27523506 39681087 8264919 4018600 12293847 32602332 3643251 
