100 847
37 55
96 9
44 52
46 25
66 100
86 100
43 89
48 37
82 37
86 31
86 19
42 77
40 91
65 89
89 37
17 21
60 56
55 18
54 89
74 98
86 42
40 48
43 40
54 72
94 91
96 98
9 72
52 15
89 71
69 39
79 66
82 72
85 77
80 38
86 79
86 1
56 13
51 36
44 19
2 58
73 37
96 15
94 100
19 77
68 7
80 81
22 20
21 55
10 56
20 93
77 37
85 54
44 66
49 75
31 71
79 71
40 93
65 100
9 71
96 19
1 77
73 41
1 89
31 37
65 93
77 93
73 94
62 48
19 74
86 54
41 31
79 94
82 94
33 61
87 35
96 71
96 40
94 72
86 20
30 36
66 15
77 48
48 94
96 89
79 43
88 78
19 20
1 62
40 98
40 74
73 79
85 98
37 71
40 94
9 48
64 93
41 64
77 91
31 91
99 11
63 13
65 98
74 89
44 62
33 11
41 98
53 98
73 74
9 91
73 96
72 66
42 72
1 94
17 55
22 43
82 64
22 98
62 64
79 96
10 34
53 20
29 39
44 93
97 83
53 89
54 66
65 37
1 41
2 28
22 65
18 50
85 93
60 68
53 48
98 93
72 91
98 37
94 37
32 78
42 54
28 4
85 82
62 42
44 20
54 20
63 69
1 65
85 1
30 11
23 55
91 71
44 77
42 74
64 20
61 90
31 93
43 9
77 54
60 84
95 51
9 52
30 38
13 84
86 71
53 62
1 74
72 98
26 88
38 6
1 40
79 37
80 36
72 100
74 15
65 41
21 18
73 53
55 59
26 78
86 15
49 83
85 71
75 83
54 71
5 21
20 71
52 71
19 54
86 98
85 22
23 21
65 66
65 64
100 91
9 20
15 20
100 31
23 59
86 93
76 50
96 42
11 90
62 15
53 65
22 96
95 88
40 72
28 58
48 71
54 74
85 73
65 42
45 10
41 52
70 69
44 1
62 96
35 24
82 74
52 74
99 38
65 71
82 15
86 48
66 52
19 100
54 94
39 34
32 26
13 69
22 19
79 91
77 94
73 44
62 54
73 93
63 84
19 42
42 89
43 48
48 93
14 68
31 20
100 64
85 41
42 93
94 31
54 15
86 91
80 99
73 42
29 68
86 89
74 71
86 77
9 42
62 19
85 62
54 52
65 40
43 42
42 66
43 93
52 93
98 71
48 98
96 100
17 23
1 9
86 41
22 54
19 66
76 18
63 12
79 64
79 9
43 54
9 15
41 91
44 43
22 89
75 58
79 77
85 44
86 37
27 12
1 66
61 36
47 8
41 100
41 20
73 71
100 20
46 3
62 31
86 40
16 78
85 37
43 19
96 37
72 15
79 89
61 8
62 37
40 15
22 44
89 20
15 37
65 72
65 54
42 31
28 83
82 48
85 91
33 1
19 40
48 64
76 59
53 93
60 7
66 37
54 93
54 100
9 98
22 64
53 31
44 54
23 50
43 72
79 82
1 15
38 51
29 56
73 77
96 91
41 94
69 12
64 98
73 40
82 100
86 94
86 22
86 43
42 48
31 64
82 71
92 87
59 18
43 64
85 86
96 48
99 81
22 72
66 74
49 58
30 34
100 89
48 91
73 52
22 42
33 8
44 82
27 68
15 91
1 54
2 4
22 40
11 61
73 1
10 13
82 31
1 42
53 44
53 96
41 71
80 11
86 53
19 48
64 71
41 42
19 71
96 74
42 98
44 15
99 90
54 91
65 48
53 54
63 10
64 89
83 4
5 59
48 89
60 34
99 8
32 88
62 9
22 15
100 71
3 67
89 93
65 19
62 89
76 21
79 74
84 39
16 26
79 93
80 61
94 93
79 98
70 10
40 54
80 30
44 71
44 89
40 66
44 48
68 56
12 34
79 48
79 40
43 31
85 31
82 20
19 31
64 37
15 98
10 84
19 41
94 71
68 84
9 37
4 58
79 19
85 100
29 70
86 72
79 100
22 82
100 93
9 64
26 3
41 15
2 49
41 37
53 9
72 93
83 58
96 94
28 49
43 74
43 94
77 15
33 36
42 64
82 93
65 31
65 62
73 62
79 42
96 54
1 71
72 89
44 94
15 93
73 31
74 100
100 37
85 42
44 37
48 52
19 89
15 71
85 40
86 44
32 95
51 61
1 48
73 100
65 91
45 39
40 20
74 93
22 74
85 72
85 66
43 41
6 8
16 32
79 52
46 67
73 48
15 89
91 93
22 37
48 20
43 77
9 74
82 98
14 27
48 54
62 93
82 66
94 52
44 79
40 100
97 75
53 66
51 6
70 60
85 20
73 9
94 89
96 31
97 2
96 77
1 20
20 91
53 100
19 93
53 40
22 71
9 31
44 40
43 96
85 79
65 9
47 11
13 34
14 34
19 91
43 71
44 41
2 75
49 4
30 99
76 17
28 75
1 19
84 34
36 8
66 98
51 90
73 54
21 50
44 100
66 93
43 15
63 70
48 74
11 81
9 41
22 1
85 89
19 72
82 62
38 33
9 89
15 64
79 20
9 77
79 65
53 94
44 74
73 98
79 72
66 20
44 91
21 59
22 41
72 74
3 25
44 96
70 12
100 98
96 52
77 64
23 18
65 82
85 74
9 19
65 96
22 52
96 41
100 15
94 15
76 23
54 37
76 55
65 94
85 52
53 77
95 78
7 34
22 91
66 64
68 39
43 65
1 37
40 89
73 66
59 50
73 64
74 64
22 9
9 40
62 74
37 20
44 65
98 91
22 100
94 64
77 100
51 33
42 91
10 39
1 72
41 74
19 94
86 82
29 34
31 98
17 50
61 81
40 64
19 98
66 91
14 56
72 52
79 31
82 40
1 64
43 98
41 77
65 20
42 71
94 66
7 10
1 82
19 64
62 20
53 19
53 72
79 1
65 74
52 37
77 20
89 98
73 72
43 20
54 64
53 52
5 18
53 37
62 52
77 74
8 81
62 40
93 71
85 53
8 90
97 4
48 100
14 45
98 20
45 27
65 52
57 24
82 9
77 71
82 54
53 79
33 90
15 31
1 52
62 77
52 20
40 77
74 91
5 55
26 95
9 66
9 54
77 89
72 31
44 72
22 66
73 82
73 15
57 92
85 94
30 47
42 20
42 37
62 94
79 41
16 88
45 63
41 40
52 91
52 98
44 31
90 81
42 100
85 43
37 93
23 88
53 42
82 96
74 37
44 42
72 71
82 89
62 91
96 93
9 94
94 74
53 74
48 66
73 43
5 23
82 42
66 89
6 47
41 54
52 64
94 20
73 20
63 29
53 71
85 48
66 71
63 68
9 100
96 66
22 48
62 100
45 13
12 84
85 65
41 48
32 2
86 62
48 72
86 64
43 91
48 31
82 91
27 60
47 33
40 31
27 29
70 7
45 60
85 15
29 13
22 62
52 31
11 36
43 100
62 71
62 98
16 95
97 58
79 62
65 77
30 61
72 37
85 19
72 64
1 91
47 61
53 1
22 79
22 93
86 66
44 64
53 43
5 50
53 82
43 66
17 5
64 91
85 96
86 52
82 52
77 66
40 37
43 37
86 9
94 98
22 53
1 93
42 15
41 93
96 64
1 31
74 20
54 31
31 89
54 98
42 52
27 39
73 22
45 56
73 89
1 100
73 19
7 84
53 15
43 82
52 100
73 86
38 61
66 31
96 20
53 64
77 98
72 20
97 49
42 94
86 96
19 15
79 54
44 98
62 72
22 31
68 34
40 42
41 89
77 72
1 43
74 31
73 65
19 37
76 5
97 28
67 25
41 72
75 4
30 33
27 63
22 94
53 91
29 60
80 51
17 24
