50
239
38 11
43 14
14 25
20 23
8 22
43 50
22 35
41 14
45 23
46 10
9 26
12 3
5 34
7 48
7 41
9 50
37 25
15 27
11 29
28 31
45 26
6 12
17 38
22 3
46 36
19 40
31 2
50 32
43 41
9 31
33 27
28 19
22 29
45 12
43 21
17 43
46 16
8 37
7 23
41 6
45 13
31 44
48 2
33 8
13 39
36 31
21 24
19 23
5 31
15 19
46 32
41 24
17 11
33 1
50 44
9 46
5 16
15 19
6 18
22 36
12 23
1 39
20 1
29 37
28 40
45 16
6 41
1 15
41 16
11 47
45 5
50 47
43 30
45 46
43 16
46 12
33 29
16 1
7 29
50 35
5 46
48 40
48 34
45 24
15 3
7 16
50 31
33 13
48 26
1 25
22 31
33 8
47 10
15 10
40 39
42 30
48 10
50 11
33 3
46 18
5 15
33 41
41 25
48 5
46 5
50 39
48 33
42 39
7 48
49 12
6 35
41 40
7 35
50 32
36 16
5 1
50 18
36 21
31 41
17 34
22 1
48 35
8 15
34 10
45 30
18 30
20 44
19 23
18 40
19 27
5 3
25 12
38 24
6 4
45 9
27 40
38 14
8 41
1 12
37 23
3 47
45 36
1 26
15 37
35 2
20 29
13 40
33 17
28 15
29 40
48 32
16 26
28 29
22 48
48 6
33 46
43 7
28 27
45 5
33 46
41 12
15 44
4 10
12 47
50 38
28 3
43 23
21 2
33 4
31 14
50 41
9 3
11 6
20 25
14 44
8 16
39 24
33 29
1 26
31 20
31 10
7 9
20 12
9 5
9 26
22 17
19 47
31 29
28 4
6 2
43 20
45 10
34 1
7 20
4 47
15 42
29 21
33 27
29 1
21 47
41 1
16 44
28 24
29 20
31 40
48 23
21 24
2 40
44 2
27 23
50 19
43 44
41 23
38 6
50 13
7 20
38 37
46 6
41 11
33 13
22 23
49 7
49 32
14 42
35 1
32 19
7 25
9 24
46 20
29 41
15 42
31 2
16 1
17 19
9 21
45 42
22 3
49 24
1 24
