158 102
4 131 133 132 145 94 121 103 101 76 124 122 68 148 124 2 39 32 4 107 105 136 41 91 151 41 52 11 121 6 86 113 118 90 146 46 80 5 65 102 16 36 25 41 21 39 34 158 31 136 142 80 121 78 130 41 77 89 9 140 102 145 19 99 23 114 66 33 132 123 29 137 74 102 155 150 74 108 8 13 5 116 23 38 78 66 31 66 132 147 80 112 109 16 25 19 152 23 81 103 75 0 88 128 89 11 102 148 83 133 116 136 133 42 77 75 58 14 91 134 68 35 75 127 137 57 126 152 87 117 28 26 95 28 141 126 62 26 138 92 91 4 65 80 24 45 110 124 19 120 89 134 87 15 108 79 82 126 
157467 157718 157362 157485 157399 157625 157575 157274 157584 157616 157768 157307 157628 157718 157780 157707 157524 157342 157451 157931 157457 157803 157614 157459 157426 157522 157563 157749 157557 157595 157334 157368 157656 157309 157351 157489 157588 157371 157547 157934 157639 157466 157414 157615 157415 157503 157281 157772 157299 157803 157444 157588 157589 157671 157401 157578 157856 157465 157571 157632 157894 157423 157435 157270 157585 157408 157373 157645 157476 157617 157520 157388 157894 157906 157681 157646 157890 157698 157241 157607 157341 157622 157593 157358 157669 157388 157291 157332 157489 157325 157531 157756 157539 157661 157415 157435 157685 157597 157329 157263 157644 157958 157314 157616 157475 157717 157947 157712 157561 157370 157634 157782 157382 157432 157875 157645 157450 157695 157510 157692 157633 157325 157659 157796 157389 157843 157813 157686 157260 157428 157730 157505 157394 157713 157475 157816 157407 157498 157481 157652 157519 157466 157560 157548 157440 157387 157336 157738 157434 157662 157461 157701 157268 157760 157698 157202 157609 157798 
31
97 4693
93 3416
144 2320
139 4630
85 2089
98 3792
53 489
3 3235
104 3728
119 3495
60 1832
129 2049
22 3479
104 800
119 3644
61 1457
60 2286
154 2601
47 2307
144 3621
119 2052
22 1626
70 863
72 4587
119 2064
56 4373
43 3614
71 3146
129 283
49 2815
115 467
