100 400
50 66 935289503
55 87 700546559
75 20 996584513
82 13 870086310
18 58 828247812
57 17 52619100
81 57 862569955
80 21 309892517
42 12 132180013
92 39 867818082
76 55 892792630
84 73 741188786
84 41 914367974
54 30 508299389
41 65 387870023
31 93 515601499
26 3 237248490
41 61 715973680
26 32 636268324
34 93 666714031
42 22 649792954
9 78 991807611
32 25 565544971
97 44 252280160
85 100 617123484
91 14 603002603
91 86 889503727
63 83 86501250
10 87 401305643
80 72 312319162
75 8 59773208
31 24 800990965
62 90 526946269
89 69 795357406
53 96 362986119
30 23 241019387
35 42 434952240
66 20 239577617
88 66 83789030
29 32 708348077
41 55 844716273
24 1 614538612
38 2 590523303
33 84 601086513
57 75 798598078
40 38 580598456
31 10 935417624
80 55 345488996
33 25 660295433
69 95 807454287
47 60 895400202
64 74 362569867
94 31 599182670
70 84 867961881
48 89 328798415
37 87 513872749
20 64 664456161
84 3 623740449
47 77 605294806
50 37 456686101
80 17 12965801
23 29 804620354
12 18 420670314
9 40 386239726
4 65 68778831
28 16 761761057
20 61 249587458
92 9 545083330
3 99 735926567
17 10 120208115
26 6 502240965
63 62 973128004
26 12 961210790
72 16 988054909
11 58 131435326
54 59 555695976
84 37 411997874
1 49 233340683
27 33 187312719
40 100 193952742
12 72 790597748
69 37 783640118
87 65 112017174
24 54 606376302
71 98 457173468
44 67 120833942
22 30 955879322
77 24 12602727
61 46 497774770
44 68 627730837
20 30 108909139
70 7 991583766
90 68 359802364
29 67 639278225
19 81 163533521
94 32 870047021
39 16 853121129
64 72 539186866
41 48 789853271
82 49 90367223
69 29 732774240
7 78 218241618
54 89 151560787
29 70 548773702
6 74 47775863
1 76 261636020
7 54 232245720
50 99 807077633
36 40 719786892
44 56 507222427
83 85 810854212
23 47 846356118
37 6 789095401
72 6 596961281
31 8 474357202
63 69 789340273
80 91 132016963
3 48 865006103
30 45 287703348
77 92 398315525
97 12 524762410
84 10 355214166
41 17 679203585
55 8 290986689
66 31 62580644
34 29 916077023
95 40 599447366
82 31 774297990
75 27 326229637
13 89 418061762
19 63 185497145
60 87 546064728
84 79 930887712
39 17 360684060
39 20 310635027
52 50 143915830
24 90 305344170
89 79 895883390
48 24 416293577
42 32 581469629
41 87 739962629
97 31 524021205
8 1 893969234
81 69 197108266
85 1 239513886
86 89 129461659
46 11 936441809
40 16 841610654
29 55 54295499
96 42 331475046
34 18 466803794
75 6 893530142
19 6 199889530
78 83 110403301
61 22 954269400
45 85 560216209
71 66 286729992
81 76 388584842
100 46 883323851
28 45 870918941
40 55 75250953
5 84 701069151
45 32 320086061
20 46 714809515
67 57 967218272
79 56 179418383
77 28 39831324
53 26 944851950
61 79 280807506
27 36 958663852
82 20 584326645
52 37 340523942
10 46 635641547
80 28 477041765
65 80 851029662
70 52 267553069
70 86 331889661
47 88 901135955
42 7 84467512
1 88 219518034
99 91 634297292
100 29 381594170
22 94 760367808
41 73 997939752
7 21 977034204
68 48 343695196
95 87 682016833
86 34 543147995
93 76 42685792
56 85 323953371
91 26 631313396
32 57 73605177
45 8 942094132
3 11 76990032
100 9 701326117
2 42 681509263
59 39 641383614
84 43 228844063
77 70 299058846
62 27 259476926
89 88 34120292
82 48 839074116
52 86 574862877
61 84 634177344
48 23 983409848
84 17 633251904
27 63 624865410
29 59 105290385
99 42 156203740
30 16 621574702
84 96 921565249
19 11 140797334
100 88 585099320
74 82 451207018
90 97 100902116
75 18 911650289
20 68 634438176
98 84 790228547
45 54 547838148
82 75 554433572
33 79 442502700
55 25 327217941
44 80 151114349
73 58 960211854
42 84 737138647
11 5 623628297
76 54 83401993
91 18 608149580
2 15 29456883
64 26 287194095
90 49 188137209
39 56 927498315
80 84 626627945
99 100 772641616
93 38 624675337
32 52 693137205
6 15 183704032
2 88 115938995
54 86 225495905
19 57 446061674
42 53 253433221
49 23 32602880
13 9 840285552
20 34 814820328
70 47 873862979
87 82 785307863
94 46 571671453
74 70 988641218
96 31 282347716
45 47 249474915
33 18 906251498
29 12 708709735
98 20 811788566
93 71 894003669
66 98 132883259
90 74 441191113
90 57 410726237
34 69 790385787
23 72 161218938
25 85 112358225
8 80 665164879
83 59 136945712
96 9 961890609
27 68 462488858
30 40 191290126
69 13 774220050
33 8 963912766
28 7 420701764
97 34 458088983
38 72 734060535
96 40 990472687
43 18 181550866
80 77 947276953
73 50 224802963
42 23 115623345
84 100 172175037
30 93 320896639
19 17 508866215
12 11 22778691
81 5 670770295
71 23 680397044
78 77 847826724
39 80 151879888
85 75 687303375
15 59 624273602
88 73 210333956
44 52 789156368
44 61 51355154
90 5 493377334
25 2 420068998
34 56 244730732
85 4 835468158
41 91 647698919
76 31 868621772
27 53 380237124
88 19 69317881
5 4 269804932
4 61 117364611
76 70 341982213
71 43 228701197
53 76 555274387
79 80 31615439
59 52 628060184
85 81 771238457
46 73 974877495
60 16 991619121
63 54 816707745
25 70 206545837
77 83 600186679
95 54 523298466
4 27 673044566
79 36 522931305
98 17 429635868
28 96 510523780
3 34 622191718
45 80 757890344
63 55 820830214
1 73 566062499
10 82 636601282
24 95 873861662
2 68 825904841
29 26 21354093
67 14 835807685
41 77 82917663
80 24 845582343
23 13 66062272
60 48 558220244
55 33 769299056
17 83 327760638
85 72 705993904
52 36 654745196
25 18 419881528
75 30 929535683
63 15 382415488
15 44 827507782
20 100 279647731
52 39 410127709
6 20 410711320
3 98 678522928
23 43 587459518
17 42 178611983
4 42 564593596
94 26 833984685
28 61 209224977
86 62 121745964
8 10 700365063
71 83 840464552
70 82 714046980
81 100 784414474
33 93 123950682
1 95 202458321
40 70 547795614
10 95 858300722
96 59 988606394
13 93 517159380
31 69 545834445
71 18 571429706
1 50 160442511
69 67 857050596
99 60 149573515
100 28 390263579
6 77 779194743
80 74 193272270
29 21 779590790
51 83 839390708
61 56 729556273
70 34 595592821
63 9 969380171
90 99 807355485
48 70 106610998
11 100 765988760
66 92 439310260
79 18 790378479
28 52 348677477
57 54 579025255
98 7 760727854
49 28 862613456
67 34 810444485
15 58 112397271
29 83 472207240
91 60 432264054
53 69 291319765
42 71 389344323
26 18 19521166
78 56 456810973
55 3 357626427
14 34 742658553
73 2 343879507
53 21 369544891
53 60 747449271
72 73 73571208
21 54 774037994
46 41 947994900
5 22 168760301
61 99 4172504
49 92 978492642
89 95 916831741
19 43 72888697
57 26 479947814
4 23 325613892
