60 423
4 3
6 2
8 1
8 6
9 3
9 4
10 2
10 4
11 3
11 6
11 9
12 1
12 3
12 5
12 10
12 11
14 6
14 7
14 9
14 12
15 6
15 9
15 13
16 1
16 6
16 11
16 13
17 1
17 2
17 5
17 6
17 9
17 16
18 4
18 10
18 13
18 15
19 5
19 10
19 13
19 16
20 12
20 14
20 16
21 6
21 9
21 11
21 12
21 14
21 17
21 18
22 4
22 5
22 12
22 13
22 19
22 20
23 1
23 2
23 4
23 5
23 7
23 9
24 2
24 9
24 19
25 1
25 7
25 9
25 22
26 3
26 6
26 21
26 25
27 2
27 6
27 9
27 10
27 17
27 25
28 4
28 12
28 15
28 22
28 26
29 18
29 24
30 8
30 9
30 11
30 15
30 19
30 22
30 23
30 25
30 27
30 28
30 29
31 2
31 4
31 12
31 18
31 22
31 26
31 27
32 5
32 7
32 8
32 13
32 15
32 17
32 20
32 27
33 6
33 11
33 13
33 14
33 15
33 19
33 20
33 23
33 25
34 2
34 6
34 12
34 14
34 17
34 25
34 30
35 1
35 4
35 5
35 7
35 20
35 24
35 25
35 27
35 33
36 1
36 2
36 7
36 11
36 12
36 14
36 15
36 17
36 18
36 21
36 29
37 1
37 2
37 3
37 5
37 11
37 16
37 25
37 27
37 30
37 34
37 36
38 1
38 3
38 9
38 12
38 18
38 31
38 32
38 34
38 36
39 4
39 7
39 8
39 9
39 10
39 13
39 17
39 20
39 26
39 28
39 33
39 36
39 38
40 2
40 5
40 6
40 7
40 16
40 22
40 27
40 29
40 34
41 1
41 2
41 4
41 6
41 8
41 21
41 27
41 28
41 29
41 30
41 33
41 36
41 38
41 39
42 13
42 15
42 33
42 34
42 37
42 40
43 1
43 2
43 16
43 25
43 30
43 42
44 4
44 6
44 7
44 11
44 12
44 14
44 15
44 19
44 21
44 23
44 35
44 36
44 38
44 40
45 3
45 12
45 13
45 16
45 21
45 26
45 33
45 38
45 41
46 2
46 10
46 15
46 19
46 24
46 32
47 3
47 4
47 10
47 11
47 17
47 24
47 28
47 29
47 33
47 34
47 36
47 37
47 41
48 2
48 8
48 9
48 15
48 25
48 28
48 30
48 33
48 37
48 39
48 41
48 47
49 2
49 3
49 6
49 11
49 15
49 17
49 18
49 21
49 23
49 26
49 33
49 34
49 42
49 45
49 47
50 2
50 6
50 10
50 20
50 22
50 24
50 38
50 41
50 43
50 49
51 8
51 16
51 17
51 20
51 22
51 23
51 29
51 31
51 33
51 36
51 42
51 43
51 45
51 46
51 48
52 11
52 14
52 15
52 16
52 20
52 21
52 26
52 28
52 30
52 32
52 37
52 43
52 46
52 48
52 49
53 14
53 17
53 18
53 22
53 23
53 26
53 33
53 35
53 40
53 43
53 47
53 52
54 1
54 7
54 10
54 12
54 20
54 31
54 34
54 38
54 42
54 46
54 53
55 12
55 39
55 46
55 47
55 48
55 53
56 10
56 11
56 14
56 21
56 26
56 27
56 28
56 30
56 33
56 37
56 48
56 50
56 51
56 54
57 3
57 4
57 14
57 15
57 18
57 20
57 25
57 26
57 29
57 36
57 37
57 41
57 44
57 51
57 52
57 53
57 55
58 4
58 7
58 12
58 15
58 17
58 23
58 29
58 31
58 32
58 43
58 44
58 47
58 50
58 51
58 54
58 56
58 57
59 9
59 14
59 19
59 20
59 23
59 27
59 30
59 33
59 38
59 39
59 41
59 46
59 52
59 56
60 10
60 17
60 20
60 24
60 39
60 40
