50 100
28 8
23 8
29 49
40 38
22 1
22 24
28 37
25 31
5 9
34 13
33 41
29 37
16 38
35 22
40 10
45 4
46 22
9 17
36 3
47 29
49 49
29 49
9 31
46 8
27 33
41 39
18 20
37 13
30 30
37 5
7 8
20 39
41 19
45 39
16 22
49 48
28 23
32 44
43 12
29 2
10 7
21 34
18 21
41 10
10 15
24 1
46 43
36 10
22 6
16 40
46 27
13 39
2 27
49 41
1 9
8 25
42 5
47 21
19 10
17 13
17 12
19 47
29 6
8 48
4 37
12 49
22 40
5 35
37 24
14 22
27 3
46 10
43 41
5 18
30 34
43 35
40 11
19 20
22 40
35 37
49 46
10 37
32 39
35 7
8 25
50 20
42 42
38 23
18 47
19 7
9 49
38 35
44 47
35 45
9 13
6 42
2 38
41 18
49 9
15 2
