200
560946 0
-552323 2 171 15
-927244 1 185
-399681 5 53 147 103 127 165
-953261 0
782078 9 142 194 107 29 5 125 116 49 33
328592 10 5 10 179 107 143 40 22 145 30 193
143173 0
264395 10 10 1 28 101 4 50 75 19 21 199
-132976 3 147 105 151
462945 5 158 61 50 195 118
-421180 16 79 8 2 94 35 34 33 185 184 97 1 29 183 50 54 145
634943 6 152 35 15 29 150 186
382035 2 107 83
-291910 1 1
652532 9 157 142 169 116 79 179 49 33 81
45583 2 99 183
817243 0
-44410 1 26
448533 12 31 56 103 105 25 43 46 100 5 87 24 165
-141662 2 33 111
-558153 5 109 60 186 97 147
118632 4 198 147 21 5
570385 7 126 146 151 113 67 97 1
-685624 1 190
-887799 4 141 167 86 109
165446 0
-185813 8 26 50 104 188 132 146 181 18
192791 5 104 149 80 79 66
570099 2 186 86
71245 6 130 187 196 116 23 141
342251 1 128
-942341 0
13801 0
-930671 5 86 117 97 192 80
-384362 17 62 53 88 188 2 135 41 42 155 33 127 13 123 26 105 137 170
352988 18 154 69 95 5 188 8 25 49 67 134 39 97 118 84 110 19 189 58
-983221 7 199 24 76 41 45 91 100
-615948 12 15 145 104 117 111 195 91 43 171 109 2 196
-217354 1 62
328244 3 86 56 184
678751 11 35 126 172 193 181 185 186 131 1 72 116
475088 0
658764 8 161 196 76 165 31 189 192 137
-528182 6 114 87 24 127 130 125
21437 1 109
965175 7 118 86 99 161 132 94 41
458741 4 122 117 104 15
740046 1 191
61762 4 182 198 188 20
-75174 3 143 137 97
-507624 10 122 193 120 91 134 96 104 128 198 54
146168 0
-340786 0
-10893 18 182 178 118 27 147 66 109 171 152 2 89 57 18 106 38 47 146 184
-851559 3 111 34 179
71230 10 192 117 104 93 4 79 106 130 20 33
55253 13 147 21 96 192 143 146 108 100 20 18 42 17 165
-739195 1 167
-349079 3 137 15 120
91252 8 167 26 190 24 17 146 44 126
512857 1 5
-951062 1 1
-799827 0
511757 1 174
-11623 1 192
490142 5 53 62 141 174 15
-389816 11 169 7 72 99 142 108 77 45 122 69 200
944366 2 174 120
-324110 1 165
630443 13 81 43 76 64 152 94 198 56 40 54 67 114 26
885205 1 27
572035 7 172 25 106 8 94 54 99
-15881 9 31 75 13 182 183 57 85 34 66
-91759 1 44
26372 5 22 10 174 141 167
-887625 17 148 132 17 8 63 136 10 28 30 42 126 38 158 97 178 189 145
-225150 9 47 49 187 43 140 25 59 177 192
-970419 10 137 192 93 199 60 87 62 200 161 46
-290372 0
-541059 6 187 85 41 2 152 69
-116601 6 198 151 153 35 111 125
366768 11 196 57 191 155 149 3 107 23 104 75 40
-417056 4 189 85 91 42
905861 0
-820881 1 46
-126401 0
-825862 5 131 142 183 198 17
-710227 1 46
356708 10 21 16 51 195 38 30 176 161 179 101
884010 3 146 127 34
51011 6 183 152 10 4 185 44
-775273 2 143 125
884776 4 120 34 151 142
730661 7 69 17 196 80 106 185 143
294950 1 109
-750240 0
-348888 4 65 9 87 139
633321 4 141 62 53 120
-193478 2 111 183
761619 1 117
-516449 11 21 31 93 172 111 3 149 179 161 79 153
602505 1 131
-653303 4 192 118 31 69
902563 4 72 53 87 100
577459 6 35 200 183 174 40 113
898138 8 20 148 151 41 60 114 99 97
732776 9 114 72 177 101 161 193 172 184 143
896090 1 117
-89667 13 21 113 40 190 137 42 43 161 119 53 87 121 124
-865873 1 117
255036 13 82 102 150 1 67 19 73 10 184 47 100 44 20
582989 5 51 15 70 148 130
295226 1 143
54918 8 33 100 81 4 68 60 31 105
-408922 8 151 143 91 46 1 114 183 27
200966 0
534992 11 131 168 70 116 86 17 95 4 3 143 91
-27641 10 49 127 57 42 195 126 121 78 117 1
-246064 2 146 33
366407 11 139 146 125 10 53 188 116 31 86 158 67
-861409 1 105
-706477 14 148 73 80 57 125 12 155 192 13 177 65 21 174 198
829600 7 74 63 40 174 59 27 107
222806 2 3 185
550785 7 137 1 103 60 63 85 111
-716653 0
169863 7 186 59 116 127 33 146 91
194928 8 147 98 71 55 192 46 140 122
-407461 2 100 179
-581822 4 190 120 80 151
-510884 4 21 200 165 191
140594 12 23 177 29 163 70 93 116 6 10 136 129 111
-220196 6 82 167 183 4 47 18
601537 9 19 113 145 83 193 30 63 151 94
-488829 10 177 39 145 198 190 148 194 130 143 100
-376595 0
-820707 8 70 97 126 22 46 87 88 5
725822 14 106 191 25 85 146 35 161 189 21 128 199 147 54 96
379237 13 132 53 3 47 139 183 52 142 107 160 118 189 116
-13405 0
-11022 1 131
113254 0
-841830 19 83 143 47 172 12 191 45 5 80 35 40 174 21 118 65 177 178 150 133
-326228 11 86 174 190 147 142 67 141 187 166 64 76
-159128 1 190
861599 0
-378005 5 130 146 109 69 183
-922165 1 33
-440630 3 97 10 22
-424225 3 53 109 160
787588 9 26 189 21 103 166 161 18 22 20
191193 3 188 94 111
213691 7 58 180 53 188 175 77 181
-890742 2 116 65
-268856 15 41 194 148 62 161 200 127 100 3 140 71 183 59 31 7
-219583 8 70 168 19 118 33 155 18 194
-266525 5 46 120 106 5 196
98130 1 114
-770200 0
802818 1 21
363206 5 61 108 30 20 161
364618 12 41 171 200 187 57 111 51 182 54 40 19 116
-548346 9 35 66 101 188 73 175 39 98 113
49817 6 59 114 141 91 85 64
-181384 3 43 62 160
982256 4 51 160 27 185
382983 6 146 66 5 103 142 67
-617405 17 181 91 30 45 25 125 172 24 153 35 70 6 86 102 96 141 39
297528 5 130 181 167 116 56
594705 1 106
-414541 2 66 59
-925723 16 182 13 137 150 167 40 14 61 174 76 175 36 12 48 120 100
939230 5 1 137 51 63 184
-889034 19 176 85 155 148 35 4 152 121 196 87 188 70 174 198 51 192 131 141 96
560222 6 31 114 137 41 80 28
-477339 4 181 96 105 59
-651859 9 59 113 194 62 91 3 111 106 25
-557326 4 62 53 151 160
-948380 3 57 131 59
197248 10 3 185 193 18 95 194 66 59 160 131
329975 2 80 63
735018 1 97
804786 1 192
499143 1 99
632189 4 53 87 185 114
-608039 3 192 21 184
191870 0
673728 3 179 109 87
274922 0
185464 2 188 111
606814 0
-515843 3 174 96 25
613933 2 17 142
-654589 12 21 31 118 40 186 178 96 193 43 148 132 188
-520478 4 63 160 72 192
32496 2 163 169
-457147 0
769928 10 95 151 34 148 99 167 56 70 190 27
-756182 0
