500 500
384 387
278 416
294 336
387 493
150 422
28 363
60 191
264 427
41 427
173 237
212 369
68 430
31 283
124 363
68 136
303 430
23 59
70 168
394 457
12 43
230 374
420 422
38 285
199 325
316 371
27 414
92 481
374 457
171 363
282 497
306 426
85 328
6 337
230 347
314 358
125 396
46 83
315 368
365 435
44 251
88 309
179 277
85 289
152 404
255 400
61 433
177 369
13 240
87 227
40 95
71 296
379 435
102 468
98 403
318 493
153 257
281 302
287 442
190 366
120 445
230 441
32 118
98 272
176 482
210 428
68 357
354 498
87 466
184 307
125 220
29 372
233 330
4 20
271 369
209 216
150 341
224 297
119 246
347 452
56 422
380 489
229 265
342 351
1 194
35 265
125 415
357 488
244 492
228 366
360 437
52 433
229 438
276 408
122 475
359 396
30 238
236 294
319 429
12 144
30 429
277 405
264 444
39 114
107 341
319 405
129 189
370 418
418 497
244 325
184 471
491 500
226 273
91 145
6 140
287 455
83 170
43 465
8 198
305 356
112 349
123 329
300 344
69 247
341 423
311 312
106 302
162 231
306 379
237 321
127 445
23 466
209 417
259 283
138 425
63 125
37 101
400 453
51 380
72 469
132 474
382 431
395 434
161 164
200 482
400 497
274 460
169 314
96 191
427 467
85 341
91 185
43 377
108 437
257 446
180 419
388 413
173 349
10 160
211 337
88 343
207 302
214 373
256 322
100 320
222 405
312 440
168 441
206 229
128 151
159 485
225 421
270 423
82 397
85 131
293 473
173 351
126 386
223 300
43 141
214 399
191 299
25 91
82 210
320 337
156 233
5 495
270 380
274 277
256 351
143 361
80 385
206 494
68 122
5 114
255 462
260 327
203 445
7 203
22 285
343 369
29 190
373 409
459 499
37 309
249 254
304 334
134 149
255 391
68 247
30 369
1 47
289 298
250 491
34 304
364 498
254 393
126 187
153 497
189 476
158 230
437 461
415 422
305 461
28 29
51 249
57 403
198 295
44 200
3 40
404 429
1 182
39 148
152 160
36 135
193 340
128 216
5 130
50 465
286 430
336 344
178 401
239 472
290 450
368 489
293 296
145 244
330 391
183 341
42 70
233 327
43 262
118 361
24 262
82 310
191 426
368 497
178 235
127 191
25 58
115 169
206 359
313 387
101 347
227 495
53 417
30 79
291 447
148 471
52 81
94 132
128 358
215 356
13 91
413 480
111 470
190 275
142 356
121 434
389 488
67 339
271 285
357 418
107 261
238 350
60 206
19 218
284 446
374 459
138 374
290 484
108 479
258 315
230 472
101 460
119 439
26 389
75 234
158 182
359 494
200 271
340 418
70 364
123 295
174 348
432 463
183 391
292 293
58 116
22 158
75 492
448 452
22 232
38 241
31 55
99 326
17 82
3 17
140 232
297 405
81 339
22 219
363 471
313 380
186 478
37 405
177 484
208 260
245 358
412 500
128 451
61 237
106 319
50 64
212 245
306 435
292 376
115 456
90 269
419 494
306 383
323 483
31 218
75 94
94 127
254 487
44 75
214 315
180 378
263 276
89 420
211 233
18 295
236 347
138 192
154 444
74 329
292 426
19 211
218 337
56 464
91 359
131 405
72 162
134 186
74 290
105 352
251 306
4 369
7 486
140 196
121 450
227 468
178 264
97 482
61 366
37 456
19 271
212 343
33 197
322 380
271 485
173 428
41 235
73 284
331 399
64 348
31 451
74 215
23 60
48 425
83 436
205 233
444 455
399 487
141 279
160 263
184 263
42 349
224 325
123 273
155 336
322 458
248 366
172 277
219 270
202 204
154 434
408 460
229 307
221 298
85 309
199 335
377 492
216 399
53 172
60 190
7 11
17 225
40 110
1 379
54 110
82 115
339 490
68 427
148 224
232 288
33 123
282 376
180 351
91 255
132 351
182 495
82 104
221 434
182 483
416 488
297 326
223 405
52 393
33 298
135 182
7 416
58 209
96 500
298 463
277 484
155 478
88 310
383 433
22 267
64 361
183 212
87 186
286 431
84 491
315 477
117 321
26 393
29 340
26 491
137 361
119 144
338 429
83 122
311 456
226 389
71 316
354 438
9 223
284 351
98 158
127 328
72 270
150 152
29 411
140 399
111 389
78 394
391 477
53 200
88 432
100 278
67 158
18 453
142 236
299 369
185 196
277 306
267 429
29 455
94 309
198 279
56 173
275 446
1 326
284 498
128 413
383 422
194 335
335 440
