100 739
98 88
60 87
33 73
58 68
96 5
55 22
91 40
43 11
21 69
82 76
84 21
95 15
95 92
19 94
38 90
60 44
63 36
56 46
58 52
74 7
22 39
45 92
2 48
3 72
3 24
76 78
22 11
18 96
43 99
23 70
74 49
33 63
53 35
91 32
18 15
80 11
5 27
54 30
91 30
24 41
19 3
86 9
37 47
36 93
99 26
83 83
78 26
42 6
86 36
33 98
57 16
47 8
52 93
5 94
96 70
10 60
72 5
48 42
92 85
60 13
71 28
65 9
22 1
26 87
53 97
14 83
6 10
92 72
100 83
97 40
77 6
86 94
66 85
22 90
63 48
74 21
17 76
39 13
90 92
13 30
39 76
30 14
51 7
43 97
8 5
44 27
41 54
89 69
54 66
35 55
38 30
94 35
49 12
51 79
1 64
68 12
100 15
27 50
15 29
39 48
30 1
63 37
62 71
87 87
78 63
67 65
42 100
70 62
64 14
22 43
17 33
79 80
56 36
92 40
22 78
29 67
35 75
21 46
28 9
30 84
40 6
28 76
70 67
88 93
61 69
21 82
75 71
76 44
59 49
19 6
78 44
46 78
96 81
70 19
77 27
20 34
96 65
75 46
88 5
76 73
42 23
74 39
33 8
97 57
53 100
27 36
74 64
32 64
55 56
63 87
96 26
40 41
10 77
50 9
63 55
92 27
4 5
17 74
71 10
56 10
18 20
47 81
46 4
53 41
18 79
10 90
33 23
34 95
13 62
48 92
32 23
37 59
91 37
17 80
64 16
20 26
36 47
35 81
60 20
61 18
7 68
50 82
95 52
7 86
51 90
90 73
82 65
65 68
30 19
27 11
66 24
14 61
19 2
19 55
30 58
100 100
27 11
45 64
80 86
45 71
15 4
42 37
58 82
49 59
24 30
81 25
60 37
100 33
16 83
2 26
80 70
83 6
40 4
67 76
24 97
31 33
80 65
83 30
63 43
70 15
59 27
70 73
87 90
33 39
22 2
35 32
19 7
20 10
56 41
58 74
61 82
65 13
86 15
44 47
52 29
31 80
23 48
8 69
70 55
88 11
27 52
35 24
90 39
24 29
34 60
33 91
97 8
14 49
55 75
97 45
1 11
33 94
31 14
39 90
28 35
87 46
25 86
18 73
42 28
75 96
46 15
19 97
80 3
97 66
24 27
47 49
42 11
46 91
41 64
8 12
21 95
64 38
55 15
17 23
100 39
89 76
65 56
80 57
45 4
33 28
87 48
66 59
72 47
60 14
35 34
17 79
49 14
30 79
73 36
89 30
74 85
83 78
11 83
42 31
7 61
38 54
24 34
73 9
58 81
84 10
6 8
93 16
32 23
71 13
100 43
36 65
98 78
81 57
80 58
92 58
4 3
88 1
17 23
38 69
24 18
76 96
17 30
87 26
51 55
95 67
34 38
69 43
77 56
53 62
47 52
97 52
25 27
67 12
31 31
28 52
42 86
30 31
94 50
42 62
93 7
19 49
83 66
32 34
66 52
36 59
14 25
3 71
37 22
65 12
39 83
26 21
40 59
76 20
24 80
76 41
47 58
35 17
67 70
55 82
57 62
13 61
55 87
70 96
27 3
67 86
18 16
60 95
68 10
59 23
3 41
21 56
44 86
52 38
33 49
52 24
39 2
76 22
11 91
90 33
59 21
96 66
94 28
8 40
20 13
66 10
51 76
34 38
49 29
93 16
12 24
11 34
8 70
89 36
95 50
9 29
11 23
10 9
27 63
56 67
42 24
40 49
58 50
76 86
29 58
62 1
33 35
40 48
35 59
57 88
91 19
100 95
97 77
23 70
4 57
89 1
98 2
68 57
91 44
19 42
26 70
12 82
1 29
28 38
78 7
39 88
73 33
48 48
69 95
53 68
37 94
2 49
80 53
95 27
90 68
5 81
83 47
86 36
11 79
28 8
93 10
68 17
17 43
25 91
27 63
39 77
73 15
64 96
38 96
75 74
48 37
31 67
6 34
87 78
11 93
73 74
7 13
30 98
90 96
76 82
26 23
36 73
22 97
93 29
41 52
12 4
86 91
85 81
63 5
63 99
75 63
56 42
84 22
70 71
15 41
54 78
16 77
9 47
7 83
12 25
95 43
10 38
36 48
88 86
54 32
91 93
22 75
4 50
16 12
96 5
75 96
3 86
14 11
20 66
79 56
97 82
42 97
21 63
79 98
79 70
86 93
72 64
63 80
27 87
71 45
28 73
93 6
35 73
28 80
51 45
81 85
49 33
63 8
7 20
92 38
95 35
30 32
82 70
61 62
31 92
90 76
12 94
30 31
45 34
32 67
15 68
6 36
76 18
83 33
28 96
88 99
17 64
2 36
14 44
66 59
94 78
70 97
31 62
90 97
71 33
56 16
56 20
82 35
7 48
83 57
82 19
64 53
30 22
44 96
64 21
48 38
70 100
45 94
97 46
14 75
84 30
12 54
14 72
22 6
27 64
94 78
15 73
6 7
71 25
46 95
63 89
65 37
81 95
95 56
17 16
37 91
29 32
83 90
47 32
61 66
84 81
33 31
41 98
64 58
29 1
71 51
99 77
74 100
91 88
58 92
96 96
42 12
10 80
12 60
55 33
79 29
90 74
65 15
16 54
83 27
72 72
100 57
95 21
62 94
40 1
70 38
27 43
34 46
35 85
52 47
89 19
69 35
74 49
73 74
42 8
100 94
22 78
44 73
6 54
70 65
94 12
94 84
31 81
82 3
85 24
96 57
49 25
61 93
45 56
53 86
24 86
22 57
31 18
23 66
53 89
37 78
47 53
23 44
82 49
54 10
97 14
76 76
70 26
98 39
47 6
27 17
53 79
89 23
56 29
87 75
97 35
54 99
86 64
99 63
16 41
45 68
77 30
53 80
60 85
92 70
29 85
8 18
57 94
39 60
21 49
63 47
56 89
46 72
75 21
96 61
65 64
20 69
7 58
87 68
97 78
44 35
33 60
32 19
45 30
77 72
42 6
73 3
28 83
46 31
84 1
94 94
1 20
14 49
12 69
51 73
30 79
31 25
75 26
27 11
12 72
5 91
47 40
13 10
39 30
84 100
47 57
61 86
13 99
38 46
55 24
63 80
23 76
25 65
51 88
59 66
54 47
75 25
86 8
11 86
68 77
81 34
84 67
48 82
52 18
87 54
60 23
37 78
60 79
32 5
12 13
61 59
93 12
92 88
91 37
86 68
79 87
21 13
50 44
56 14
89 80
75 79
48 39
10 26
96 59
29 16
35 10
70 62
91 24
80 11
69 97
17 13
24 61
65 61
87 49
72 46
