200
1 2
1 3
2 4
4 5
5 6
3 7
1 8
4 9
1 10
9 11
2 12
2 13
11 14
3 15
11 16
4 17
7 18
3 19
15 20
5 21
4 22
21 23
23 24
11 25
3 26
9 27
3 28
28 29
3 30
14 31
27 32
9 33
4 34
5 35
3 36
27 37
20 38
12 39
3 40
35 41
21 42
34 43
2 44
36 45
9 46
26 47
44 48
13 49
5 50
6 51
8 52
23 53
2 54
19 55
36 56
54 57
36 58
11 59
55 60
31 61
40 62
12 63
47 64
18 65
18 66
60 67
13 68
40 69
3 70
45 71
49 72
18 73
50 74
16 75
25 76
22 77
57 78
76 79
30 80
54 81
19 82
37 83
5 84
43 85
35 86
37 87
1 88
56 89
66 90
75 91
10 92
89 93
42 94
58 95
51 96
29 97
35 98
65 99
30 100
28 101
81 102
74 103
34 104
95 105
100 106
76 107
100 108
30 109
80 110
35 111
63 112
21 113
113 114
108 115
18 116
11 117
60 118
35 75
60 69
92 48
107 102
22 91
64 98
22 114
67 44
99 93
19 61
91 54
70 31
36 16
115 38
101 45
60 90
72 40
27 8
105 74
37 92
105 97
79 77
58 18
100 85
23 109
57 98
94 1
98 69
103 44
40 83
69 34
13 109
96 47
48 75
116 21
107 54
81 24
73 31
80 13
24 6
117 80
71 18
102 42
6 117
8 82
77 69
94 29
93 86
6 20
98 58
114 67
33 103
35 50
106 49
1 8
81 16
113 16
91 32
52 37
64 48
107 64
53 79
107 6
40 106
100 105
102 83
113 44
79 27
100 22
116 23
27 15
56 54
29 12
42 84
56 82
118 38
67 13
89 65
110 33
58 16
30 84
102 8
97 16
10
C 63 55
C 111 52
R 84 5
C 92 70
R 25 11
C 101 2
C 28 58
C 11 118
C 55 60
R 81 24
