200
1 2
2 3
3 4
1 5
2 6
3 7
7 8
8 9
5 10
8 11
2 12
7 13
5 14
12 15
3 16
15 17
3 18
10 19
5 20
19 21
8 22
11 23
22 24
14 25
2 26
20 27
16 28
24 29
18 30
13 31
21 32
5 33
1 34
9 35
23 36
5 37
10 38
33 39
9 40
16 41
39 42
12 43
10 44
35 45
15 46
7 47
5 48
2 49
16 50
48 51
39 52
21 53
46 54
12 55
10 56
35 57
35 58
56 59
52 60
32 61
36 62
30 63
5 64
18 65
18 66
53 67
9 68
12 69
31 70
38 71
39 72
65 73
73 74
16 75
43 76
8 77
56 78
45 79
11 80
29 81
10 82
68 83
66 84
70 85
75 86
25 87
4 88
79 89
34 90
56 91
50 92
54 93
75 94
73 95
35 96
93 97
68 98
38 99
74 100
27 101
98 102
68 103
77 104
12 105
35 106
62 107
3 108
41 109
73 110
29 111
75 112
104 113
83 114
112 115
107 116
46 117
31 118
41 42
65 94
69 53
64 104
100 1
52 42
71 97
114 94
107 70
88 3
34 73
50 83
82 30
17 31
101 77
16 56
107 18
112 91
109 35
1 26
61 49
3 47
37 67
12 115
67 118
117 13
44 11
19 52
57 3
98 70
94 76
11 65
6 53
51 43
10 103
44 24
114 40
60 1
81 48
94 3
83 118
28 71
60 86
83 79
38 23
67 111
110 83
46 62
30 33
113 46
111 22
68 60
93 100
14 23
84 70
55 57
32 57
99 84
15 11
115 42
9 92
7 26
46 26
115 66
24 112
64 81
14 5
118 101
87 17
89 41
54 53
61 12
87 11
61 38
117 10
72 71
11 26
49 41
54 83
94 49
98 108
100 55
109 14
100
R 43 76
C 116 85
C 32 6
C 66 103
C 14 98
R 114 94
C 32 88
C 40 100
C 47 6
C 68 31
R 44 11
R 69 53
C 77 98
C 22 24
C 106 40
C 109 107
C 75 93
C 9 68
C 3 116
C 94 70
C 100 38
C 17 106
R 9 68
C 35 55
R 40 100
C 26 56
C 9 92
C 69 50
R 40 106
C 43 2
C 17 37
C 55 79
R 23 11
R 101 118
R 6 32
C 48 34
R 77 101
C 118 28
C 39 38
R 31 68
C 97 3
C 70 15
C 10 2
C 75 113
C 69 115
R 30 33
C 57 62
C 43 88
R 25 14
C 34 33
C 46 116
R 86 75
R 4 88
C 54 91
C 100 59
R 74 100
R 8 9
C 71 31
R 105 12
R 108 3
R 103 10
C 13 7
R 100 55
C 34 80
C 52 93
R 79 89
C 69 31
R 106 17
C 89 36
C 17 108
C 16 64
R 13 31
C 31 7
C 62 16
C 88 74
C 58 110
R 7 47
C 8 49
C 10 69
C 27 82
C 94 115
C 61 21
R 111 29
R 104 64
R 8 7
C 105 47
C 8 21
C 39 47
C 20 85
C 56 91
C 64 19
R 5 33
R 94 65
C 35 28
R 95 73
C 73 68
R 24 29
R 62 57
C 68 80
R 110 58
