1000
1 2 1 1 2 3 5 8 1 10 9 2 11 5 11 9 5 9 16 8 5 4 12 11 18 23 22 26 19 16 17 2 30 18 2 3 31 15 9 15 7 38 29 42 43 44 9 47 12 20 34 17 48 33 42 52 30 51 26 49 35 62 59 12 36 61 31 13 23 7 14 51 31 46 72 61 11 73 7 45 25 36 1 62 58 83 32 15 41 69 47 29 6 8 23 6 86 22 96 4 90 75 94 38 87 71 13 19 37 88 34 19 95 21 17 109 112 78 97 109 65 38 76 111 67 113 86 72 124 116 58 83 33 76 109 33 69 62 106 129 50 42 42 68 104 120 141 55 21 33 145 104 93 139 73 107 4 88 80 94 55 50 104 73 24 81 69 124 118 8 44 105 77 97 143 35 149 162 45 16 78 76 42 38 131 38 143 57 20 118 182 114 119 24 21 123 70 73 172 60 60 111 23 158 169 93 57 12 190 135 167 150 123 164 4 133 1 130 46 66 98 99 101 143 213 118 186 214 109 51 148 196 214 207 199 60 26 64 7 226 139 96 173 239 139 201 11 36 246 123 67 148 227 66 118 103 244 124 37 124 63 13 216 190 33 237 254 203 169 51 159 7 175 193 92 232 130 1 24 264 115 253 218 221 280 201 211 60 7 286 209 241 284 40 176 47 27 56 282 85 250 61 41 239 193 74 255 20 32 8 104 241 261 56 267 294 135 134 34 125 219 249 9 130 156 287 102 91 152 221 40 95 245 177 214 265 64 103 122 157 80 232 215 189 321 254 329 348 307 148 64 150 249 50 258 126 322 23 357 250 179 106 271 339 103 208 337 332 194 246 181 322 114 156 246 17 156 47 23 52 198 35 40 25 92 41 13 86 170 154 124 134 242 223 149 266 153 91 207 75 19 47 302 104 352 18 301 108 359 192 154 147 3 116 394 238 367 345 253 375 72 362 357 98 273 176 333 210 96 104 82 37 176 126 336 54 22 392 388 60 426 199 233 401 217 40 95 447 66 285 125 67 243 454 126 254 142 412 88 434 152 423 246 11 386 146 400 59 423 413 140 161 363 262 175 205 249 355 287 60 42 333 208 233 428 402 264 258 101 459 476 186 223 448 304 192 160 316 148 57 1 303 169 32 225 463 234 38 482 362 57 193 491 461 438 503 268 443 503 229 473 131 261 417 505 172 493 362 64 301 128 502 145 198 533 530 51 321 310 78 355 278 28 165 132 149 157 23 250 96 523 95 143 360 274 32 509 464 351 321 470 355 344 441 388 61 521 530 363 308 9 343 165 245 115 550 328 222 108 408 133 85 35 343 363 77 108 485 508 135 103 261 422 24 365 256 39 96 453 258 421 528 403 58 403 248 49 59 178 45 528 96 41 75 415 183 66 513 586 315 235 501 211 249 404 155 74 511 101 163 14 629 610 369 633 562 569 271 10 638 150 639 141 18 84 264 45 320 291 531 505 161 420 303 521 612 603 496 494 127 645 550 123 306 50 413 652 565 83 134 109 12 601 261 379 572 34 338 272 382 644 390 524 384 421 178 581 98 118 256 356 631 8 330 101 350 255 676 251 648 558 613 386 471 619 98 179 37 205 46 5 182 302 455 296 283 710 64 441 147 660 354 351 447 49 616 371 554 111 246 561 373 72 377 229 260 290 687 1 695 519 241 543 297 715 95 521 596 633 261 504 350 556 596 602 548 404 64 594 613 661 703 620 453 233 694 28 361 760 402 281 758 245 308 8 11 198 737 334 320 222 132 30 632 219 500 744 630 687 459 305 694 147 237 423 386 69 277 36 658 68 487 139 293 398 740 766 533 784 687 554 722 167 408 149 612 760 528 422 490 169 71 103 824 565 86 240 818 274 304 751 682 37 209 318 686 310 543 378 39 440 316 622 30 423 555 621 480 843 406 406 726 701 112 145 308 834 32 95 737 772 306 3 108 81 201 152 347 800 79 602 801 606 86 810 74 616 506 325 831 3 653 741 516 750 840 695 74 431 732 488 35 856 172 122 828 846 277 523 326 810 891 483 150 476 175 509 390 851 776 670 82 389 175 214 862 200 130 529 530 368 238 661 632 58 457 524 612 106 550 206 603 675 73 398 366 709 60 432 488 581 339 4 697 270 593 792 536 649 190 319 851 794 592 662 833 221 765 849 902 6 530 636 753 805 780 692 874 219 648 498 734 871 498 155 305 759 842 138 276 199 890 97 352 713 300 825 403 479 501 989 936 825 456 32 894 641 344 141 
2 735 849 
2 904 286 
2 604 341 
4 581 510 214 825 
2 1000 653 
4 33 773 409 482 
3 123 409 185 
3 796 854 977 
2 640 64 
3 503 224 600 
2 630 12 
2 528 709 
7 354 169 341 547 26 147 379 
4 320 233 927 81 
4 67 553 261 2 
2 671 197 
2 446 453 
2 726 222 
2 33 364 
4 160 238 599 186 
2 572 310 
6 424 318 917 208 693 584 
2 600 83 
2 701 979 
3 503 766 825 
2 774 741 
2 153 351 
4 352 200 986 441 
2 198 32 
2 258 519 
3 623 539 365 
3 429 150 304 
3 753 939 619 
2 886 705 
2 501 842 
5 714 447 81 644 646 
3 595 791 704 
2 608 335 
7 694 421 962 880 701 320 111 
2 125 796 
3 771 524 405 
2 936 959 
2 790 281 
2 378 385 
2 773 51 
2 601 316 
3 777 684 922 
2 143 906 
2 411 978 
2 803 122 
4 862 489 429 372 
2 425 148 
2 936 874 
2 959 514 
2 920 478 
2 313 409 
3 954 646 764 
9 355 298 503 945 345 451 575 887 71 
2 938 891 
2 63 960 
2 956 668 
2 406 491 
2 934 379 
5 678 909 600 906 202 
2 767 190 
2 909 382 
3 476 848 805 
2 172 827 
2 558 343 
2 930 51 
2 196 407 
2 810 450 
4 604 635 71 266 
2 128 154 
3 501 428 181 
4 374 903 552 532 
2 528 856 
5 193 88 277 256 469 
4 298 174 680 569 
2 820 876 
4 140 409 632 253 
2 258 468 
4 742 447 814 938 
3 500 534 196 
4 497 726 243 357 
2 890 585 
2 215 384 
2 66 418 
3 792 921 529 
2 266 504 
3 159 155 322 
2 324 953 
3 582 104 406 
4 221 85 707 110 
3 607 111 397 
2 725 189 
3 643 389 650 
2 73 498 
2 705 265 
2 172 422 
4 839 489 514 899 
2 659 418 
2 987 881 
3 959 818 791 
2 173 461 
2 390 808 
2 667 76 
2 626 311 
2 477 264 
2 311 820 
3 23 74 836 
4 337 224 556 249 
2 775 928 
3 524 904 250 
2 903 257 
3 114 913 541 
6 923 704 205 365 509 144 
4 73 511 497 941 
3 622 483 948 
2 279 55 
2 496 682 
3 773 619 41 
2 150 358 
3 898 49 879 
3 89 31 819 
3 707 149 746 
2 339 605 
2 392 163 
2 913 452 
4 104 823 883 977 
3 289 70 213 
2 687 291 
3 191 340 364 
4 924 923 628 230 
2 662 197 
4 735 459 158 313 
7 922 609 969 9 707 274 632 
2 784 255 
2 790 311 
3 105 550 664 
2 427 186 
3 591 520 829 
2 227 65 
2 346 206 
4 188 366 585 940 
2 62 799 
2 846 905 
2 140 611 
2 945 902 
6 314 519 438 906 389 46 
3 511 40 295 
2 380 77 
2 507 461 
2 483 356 
3 117 614 419 
3 56 942 843 
6 791 118 500 832 516 600 
2 406 286 
2 412 106 
2 764 889 
2 132 105 
2 443 410 
2 666 898 
3 583 250 718 
3 809 837 916 
3 800 447 118 
3 603 778 695 
2 12 550 
2 320 51 
2 710 922 
2 554 411 
2 765 182 
3 262 281 986 
3 242 27 566 
2 130 846 
5 150 387 63 130 895 
2 1 299 
2 379 481 
2 467 396 
2 584 184 
4 651 378 804 624 
3 408 184 862 
3 983 56 822 
2 506 822 
3 103 952 697 
5 570 248 949 328 732 
2 96 551 
3 184 603 828 
2 631 926 
2 141 783 
3 575 423 840 
3 813 243 553 
3 383 58 478 
2 806 58 
2 219 852 
2 883 996 
3 955 715 269 
3 224 725 13 
2 947 116 
3 815 827 64 
3 407 109 390 
3 464 101 768 
6 928 448 444 957 84 871 
3 591 253 22 
3 33 785 601 
2 239 985 
2 925 298 
2 959 604 
2 234 652 
5 249 895 666 327 327 
6 562 232 608 706 663 968 
3 914 816 827 
3 659 639 579 
7 9 30 876 177 685 323 293 
3 255 230 626 
6 461 198 372 265 788 273 
5 258 822 657 358 257 
3 49 298 595 
2 226 392 
5 911 333 806 968 611 
3 261 173 489 
2 958 628 
2 149 488 
3 955 325 934 
3 232 820 900 
2 968 391 
2 898 504 
5 906 845 480 92 563 
3 234 960 188 
3 829 197 345 
5 6 137 250 156 751 
2 473 34 
7 698 157 748 775 205 743 67 
5 311 104 172 450 933 
2 752 514 
4 919 385 649 202 
2 926 265 
2 886 756 
2 242 737 
3 104 614 345 
3 378 189 671 
5 651 528 957 873 559 
2 105 47 
3 719 396 231 
3 217 685 991 
4 407 876 481 668 
2 80 546 
3 342 753 90 
4 324 138 167 248 
3 214 688 406 
5 387 725 493 173 14 
2 5 443 
2 790 82 
5 866 537 143 387 777 
2 220 127 
2 570 511 
2 634 813 
5 4 136 545 612 915 
2 107 318 
2 753 703 
3 106 792 69 
2 227 297 
6 55 703 259 68 594 382 
3 655 980 288 
3 177 53 262 
3 397 321 268 
7 277 57 287 879 502 368 235 
3 671 249 49 
7 412 81 795 887 638 228 177 
6 875 394 178 622 344 545 
2 977 101 
3 667 358 456 
3 526 835 800 
3 210 122 54 
5 346 856 390 296 768 
4 18 882 724 407 
2 384 921 
3 846 280 787 
4 276 356 163 1 
2 620 108 
2 953 812 
3 894 365 185 
2 129 20 
4 456 157 274 586 
6 811 641 839 512 180 45 
2 910 902 
2 909 448 
3 301 343 836 
2 561 224 
3 708 383 894 
3 966 599 393 
4 288 103 208 747 
3 366 594 946 
2 444 331 
5 476 262 199 512 639 
2 172 473 
2 564 259 
4 368 878 347 124 
2 466 494 
5 911 534 264 88 427 
3 975 847 936 
2 367 356 
2 826 94 
2 433 551 
6 613 949 712 761 692 926 
2 235 219 
3 280 61 13 
2 786 793 
3 595 861 930 
3 569 126 23 
3 267 806 997 
2 546 812 
3 349 625 961 
2 553 434 
2 494 812 
5 976 602 525 167 604 
4 137 663 570 83 
2 704 905 
2 991 646 
5 643 234 8 271 222 
4 561 418 315 304 
8 848 359 611 618 964 527 679 729 
2 658 572 
2 403 195 
3 766 981 369 
2 521 572 
2 319 871 
6 948 981 207 97 11 253 
10 780 158 642 831 764 605 826 501 63 613 
4 222 602 417 5 
2 399 599 
2 818 169 
4 473 819 663 521 
4 707 453 614 503 
2 360 108 
3 902 619 990 
2 432 95 
2 433 993 
2 255 10 
2 552 138 
3 947 937 20 
2 984 323 
2 628 522 
2 197 626 
2 343 98 
2 390 857 
2 648 656 
5 212 484 312 409 117 
2 186 397 
2 837 757 
2 457 62 
5 560 870 622 67 805 
5 603 831 623 660 98 
3 249 918 68 
3 642 32 870 
2 908 73 
2 551 508 
2 501 508 
2 130 96 
3 354 443 920 
3 401 560 618 
7 110 416 832 806 120 243 652 
4 542 145 524 892 
2 80 713 
6 615 360 60 316 553 100 
3 884 956 910 
2 180 61 
4 638 484 293 730 
2 111 360 
2 342 799 
4 67 523 33 935 
3 490 503 812 
2 85 357 
8 671 170 909 248 223 441 875 233 
2 260 335 
2 355 343 
2 890 475 
3 722 333 340 
6 89 238 525 611 17 429 
2 265 737 
2 773 721 
3 621 592 125 
2 551 129 
2 493 251 
6 373 559 795 839 556 147 
2 829 121 
2 411 697 
2 484 948 
2 679 934 
2 472 330 
3 569 217 675 
4 800 659 432 423 
3 531 256 653 
2 425 371 
3 693 28 642 
4 266 384 740 793 
3 844 681 533 
2 338 533 
3 45 815 600 
2 710 130 
2 817 796 
3 944 483 295 
3 321 377 96 
2 24 988 
2 270 973 
2 369 540 
4 86 462 77 460 
2 371 998 
4 278 114 729 593 
6 758 829 974 835 910 481 
2 159 618 
2 816 470 
2 314 571 
5 690 207 633 610 139 
2 681 858 
3 560 69 212 
3 560 70 864 
2 328 868 
3 377 481 570 
3 691 924 723 
2 481 252 
2 692 105 
2 403 582 
2 10 661 
4 240 426 309 473 
3 166 910 151 
3 296 845 275 
2 400 570 
6 960 693 36 732 902 221 
7 717 287 248 324 749 817 633 
2 769 303 
2 280 683 
2 114 61 
3 985 698 21 
2 196 144 
2 858 988 
2 946 863 
2 828 909 
2 336 780 
2 295 953 
3 537 65 591 
3 626 954 982 
2 660 935 
2 264 180 
2 383 586 
3 331 849 975 
3 210 70 154 
2 57 332 
6 505 900 438 851 282 230 
2 410 331 
3 232 661 334 
3 855 621 805 
3 851 912 863 
4 834 672 992 829 
0
