2000 2677
706
1 11
1 542
1 645
2 312
3 256
3 263
3 333
3 575
3 828
3 1002
4 23
4 374
5 186
5 696
6 643
6 1495
7 316
8 1761
9 1060
10 1254
12 47
13 105
14 281
14 438
15 20
16 1301
17 249
17 268
17 898
18 81
19 1209
20 261
20 542
20 1017
20 1326
20 1341
21 291
21 657
22 96
23 124
23 246
23 1145
24 339
24 583
25 78
26 228
26 381
27 84
28 1715
29 1017
29 1909
30 1519
30 1597
31 1127
32 332
33 69
34 1824
35 47
35 156
35 200
35 1092
35 1695
36 172
36 407
37 858
38 460
38 780
38 1122
39 425
40 243
41 1376
42 322
42 382
42 408
42 611
42 1099
42 1255
42 1418
43 1287
43 1888
44 368
44 669
44 1057
45 156
46 1562
47 642
47 729
48 440
48 1355
48 1482
49 950
49 1038
49 1427
50 1354
51 787
52 425
53 101
53 160
53 432
53 443
53 1657
53 1720
54 667
55 662
56 346
57 376
57 781
58 217
58 365
58 936
58 1549
59 168
59 542
60 125
60 263
60 848
61 197
62 1139
63 202
63 476
64 963
64 1789
65 171
66 327
67 285
68 371
68 618
68 1099
69 93
70 1987
71 346
72 78
73 317
73 372
73 1011
74 163
74 556
75 401
75 779
76 1117
76 1164
77 260
78 772
78 1054
79 134
80 1831
81 260
81 264
81 733
82 285
83 721
83 790
84 1272
85 122
85 319
86 102
86 1243
87 286
88 298
88 675
89 126
89 143
89 306
89 443
89 1071
90 967
90 1257
91 858
92 884
92 1108
92 1497
93 442
93 482
94 246
94 422
94 714
95 1315
96 307
96 417
96 1124
97 1029
98 948
99 469
100 248
100 275
100 291
100 458
100 787
100 1788
101 405
101 603
101 860
101 1886
103 969
104 355
105 779
105 930
105 1838
106 546
107 334
107 367
108 422
108 706
108 1253
109 1143
110 798
110 1021
111 1063
112 310
113 458
114 966
114 1351
115 700
115 1820
116 378
116 900
116 1375
117 872
118 310
118 685
119 449
120 399
120 873
121 995
121 1340
122 332
122 605
122 748
122 766
122 1878
123 142
123 1156
125 445
125 909
126 284
127 978
128 319
129 194
129 321
129 1340
130 1105
131 293
131 1060
132 358
133 422
133 599
134 929
135 198
136 368
136 588
137 142
138 334
139 1116
139 1424
140 1517
141 155
141 245
141 1126
141 1224
142 721
142 1416
143 347
143 483
143 692
143 1116
144 151
144 702
144 709
144 851
145 328
146 1641
147 282
147 400
147 425
148 1648
149 405
150 1539
151 162
151 378
151 793
152 1012
152 1752
153 330
154 175
156 1722
157 315
158 475
159 327
159 632
160 660
161 949
162 239
162 250
162 467
162 662
162 798
163 542
164 473
165 754
165 1388
166 285
167 186
169 845
169 1280
170 192
171 1272
172 457
172 794
173 199
173 298
173 332
173 1191
173 1843
174 770
174 1594
175 222
175 239
175 469
175 981
176 1267
176 1631
177 1090
178 1078
178 1195
179 735
179 1062
180 246
181 240
181 366
181 582
182 252
182 411
182 899
183 372
183 753
183 1015
184 639
185 1416
186 328
186 625
186 641
186 680
187 1278
188 435
188 461
188 672
188 952
189 253
189 419
189 1239
189 1372
189 1769
190 298
190 683
190 1122
190 1208
190 1691
191 961
192 1229
193 274
193 1638
195 457
195 940
196 952
196 1603
197 849
198 1924
200 211
200 316
200 356
201 289
201 766
201 1263
202 474
203 801
204 644
205 350
205 440
206 349
206 654
206 892
206 1014
206 1149
207 1433
208 477
209 215
209 961
210 558
210 816
210 1399
211 243
211 337
211 885
211 1129
211 1272
212 272
212 1065
213 278
214 948
214 1006
214 1785
215 221
215 403
215 465
216 393
216 668
217 616
217 1641
218 604
219 1342
220 1195
222 546
223 1844
224 327
225 305
225 630
225 788
226 1591
227 235
227 544
228 376
228 754
228 881
228 1435
229 951
229 1840
230 1119
231 1276
232 472
233 1851
234 542
234 543
234 801
235 911
236 611
237 1718
238 867
239 362
239 455
240 479
241 363
241 1168
241 1190
242 777
244 1919
247 265
248 943
251 863
253 569
253 958
254 458
254 584
254 650
254 1259
255 1085
256 292
257 471
258 480
259 362
260 1678
261 312
261 931
262 859
262 970
263 376
263 565
265 305
266 724
266 1061
267 1087
268 606
268 628
269 484
269 888
269 1192
269 1300
270 1838
271 365
271 686
271 1256
273 436
276 1046
277 755
278 444
278 451
278 854
278 983
279 551
280 337
280 545
280 795
282 586
282 800
283 590
283 1187
283 1823
285 334
285 406
285 463
285 638
285 1749
286 437
286 1269
286 1572
286 1743
287 350
288 595
288 612
288 1208
290 772
293 726
294 441
294 1566
295 415
295 668
296 668
297 597
298 1046
299 1254
300 1382
301 447
301 588
301 609
302 424
303 582
304 449
305 441
305 457
305 643
305 1029
305 1591
306 340
307 1189
307 1254
308 983
309 387
310 686
310 1643
310 1941
311 829
312 427
312 586
313 358
313 868
313 1122
314 672
315 786
315 949
316 699
316 1788
318 363
320 351
320 1177
321 1344
321 1407
323 429
323 706
323 920
324 372
325 789
326 1835
327 564
328 794
328 979
328 1831
328 1984
329 643
330 1116
331 395
332 555
332 1141
334 718
334 1060
335 1829
336 433
336 788
337 428
337 477
337 760
338 1250
339 475
339 488
339 1342
339 1514
341 570
341 1247
342 591
342 1295
343 579
343 1654
344 423
345 449
345 633
345 1449
346 449
347 1165
348 369
348 1164
348 1256
348 1357
349 821
349 1058
350 743
351 411
352 979
353 587
354 468
354 877
354 1089
355 477
356 610
356 717
357 545
357 1372
358 836
358 1197
359 648
359 701
359 787
360 366
361 1122
362 711
362 1878
363 1141
363 1238
364 932
365 398
366 548
366 1632
367 674
368 1136
370 1051
373 759
373 1428
375 1098
376 550
376 1028
376 1668
377 1880
378 992
379 1653
380 591
383 1086
384 1098
385 1396
386 613
387 1417
388 1001
389 390
390 422
391 1257
392 843
394 471
394 719
394 1417
394 1474
395 1270
396 640
396 1170
397 401
397 1030
399 422
399 573
399 798
399 1552
402 1486
403 412
404 711
409 667
410 1035
410 1798
411 843
411 926
411 1337
412 614
412 624
412 1062
412 1210
412 1372
413 1069
414 1017
416 426
416 441
416 553
417 1017
417 1428
417 1598
418 664
419 1736
420 1288
420 1634
420 1719
421 792
422 547
423 610
424 558
430 971
430 1013
431 771
431 861
431 1663
434 1088
436 787
436 799
437 733
438 960
438 1255
439 858
440 1560
441 1448
441 1546
445 1022
446 1139
448 551
448 602
448 741
448 1382
449 565
450 1064
451 839
452 847
452 1955
453 570
454 1257
456 542
457 554
457 589
457 723
457 1601
459 784
460 1112
462 949
462 1246
463 570
463 772
463 1442
464 1382
465 1042
465 1332
466 558
466 728
467 945
469 1373
470 657
471 1073
471 1123
472 1013
472 1220
472 1349
472 1659
473 478
473 742
473 777
473 784
475 840
476 640
476 989
477 1127
479 620
479 769
480 486
480 912
481 561
481 662
482 555
482 1173
483 1274
485 640
485 798
485 887
485 1492
487 1462
489 490
489 505
489 541
490 491
490 494
490 521
490 537
491 492
491 501
491 516
491 527
491 538
492 493
492 497
492 535
493 494
493 531
494 495
494 496
495 496
495 501
495 521
496 497
496 520
496 535
496 539
497 498
498 499
499 500
499 503
499 507
499 533
500 501
500 516
501 502
501 534
502 503
502 504
502 512
502 515
503 504
504 505
504 512
504 513
504 522
505 506
505 527
506 507
506 528
507 508
508 509
508 514
509 510
509 521
510 511
510 517
510 532
511 512
512 513
513 514
513 1496
514 515
515 516
515 528
515 529
516 517
516 518
517 518
517 519
517 539
518 519
519 520
520 521
520 537
521 522
522 523
523 524
523 531
524 525
524 527
524 529
524 538
525 526
526 527
527 528
527 536
528 529
529 530
529 539
530 531
531 532
532 533
533 534
534 535
535 536
535 538
536 537
537 538
538 539
538 540
538 1227
539 540
540 541
542 1366
543 832
545 608
545 784
545 915
548 635
548 871
549 1417
552 785
553 732
555 693
557 801
559 560
559 561
560 561
562 563
562 564
563 564
565 846
566 567
566 568
567 568
567 1273
567 1295
570 745
570 1211
571 1630
572 837
574 844
575 576
575 577
576 577
578 579
578 580
579 580
581 809
584 1090
585 586
585 587
586 587
588 1481
591 1431
592 1263
593 1129
594 595
594 596
595 596
597 1463
598 599
598 600
599 600
601 966
602 603
602 604
602 862
603 604
603 773
603 822
603 1416
604 998
604 1823
605 606
605 607
606 607
606 1349
608 1308
609 937
609 1310
612 734
612 1285
613 785
615 675
617 618
617 619
618 619
621 622
621 623
622 623
622 889
626 627
626 628
627 628
629 778
630 631
630 632
630 918
630 1417
631 632
632 1465
634 1482
634 1841
635 1296
636 637
636 638
637 638
638 1593
639 852
639 1085
639 1122
639 1368
640 829
643 1061
644 1226
645 646
645 647
646 647
646 733
646 859
647 1114
649 1164
650 651
650 652
651 652
651 1797
653 1368
654 655
654 656
655 656
658 717
659 660
659 661
660 661
663 1664
664 665
664 666
665 666
665 979
667 1061
668 669
668 670
669 670
671 1304
671 1372
673 1761
675 1622
676 677
676 678
676 1051
677 678
679 680
679 681
680 681
680 847
680 1089
681 694
682 683
682 684
683 684
683 1527
686 978
686 1393
687 688
687 689
687 1824
688 689
689 1268
690 691
690 692
691 692
694 1068
694 1083
694 1315
695 696
695 697
695 1615
696 697
698 902
700 808
702 703
702 704
703 704
705 952
706 765
706 1063
707 708
707 709
708 709
710 1163
710 1925
711 1611
712 1074
713 714
713 715
713 1221
714 715
716 917
720 721
720 722
721 722
725 726
725 727
726 727
728 1064
728 1140
728 1868
729 730
729 731
730 731
736 737
736 738
736 756
736 1307
737 738
739 740
739 741
740 741
744 745
744 746
745 746
747 1292
749 851
750 751
750 752
751 752
752 1276
753 1333
754 1090
755 1011
757 758
757 759
758 759
761 1062
762 763
762 764
763 764
764 1462
766 767
766 768
767 768
772 1164
772 1275
772 1398
774 1675
775 1591
776 1275
777 826
778 999
780 1119
781 1501
782 783
782 784
782 932
783 784
785 856
785 1995
789 844
789 895
789 1062
789 1458
791 1164
792 862
792 1534
793 823
795 796
795 797
796 797
802 803
802 804
803 804
804 1930
805 806
805 807
806 807
807 989
808 1372
809 1100
810 811
810 812
811 812
811 1360
812 1244
813 1795
814 815
814 816
815 816
817 818
817 819
818 819
818 867
820 1303
820 1496
822 856
822 1777
823 824
823 825
824 825
827 1060
830 831
830 832
831 832
833 834
833 835
834 835
835 1220
836 837
836 838
837 838
840 841
840 842
841 842
844 1163
847 848
847 849
847 861
848 849
850 1823
853 854
853 855
854 855
857 862
858 1330
858 1975
859 1646
862 1010
863 1220
864 1197
865 866
865 867
865 1210
866 867
866 1486
868 869
868 870
869 870
872 1876
873 874
873 876
874 875
874 876
875 876
878 879
878 880
878 1591
879 880
879 1374
881 882
881 883
882 883
883 1405
884 885
884 886
885 886
887 1184
888 1152
889 890
889 891
890 891
890 1149
892 893
892 894
893 894
896 897
896 898
897 898
901 902
901 904
902 903
903 904
904 1655
905 906
905 908
906 907
906 908
906 1202
907 908
907 916
909 910
909 912
910 911
911 912
911 1314
913 914
913 915
914 915
916 917
916 918
917 918
919 920
919 922
920 921
920 922
921 922
923 924
923 926
924 925
924 926
925 926
927 928
927 930
928 929
928 1823
929 930
932 933
932 935
933 934
934 935
938 1225
939 1002
940 941
940 942
941 942
944 945
944 947
945 946
946 947
952 1062
952 1138
953 1823
954 955
954 956
954 1463
955 956
957 958
957 959
958 959
962 963
962 965
963 964
964 965
967 968
967 969
968 969
971 972
971 973
972 973
974 975
974 977
975 976
976 977
977 1349
980 981
980 982
981 982
983 1480
984 985
984 987
984 1408
985 986
986 987
988 1784
990 991
990 993
991 992
992 993
994 995
994 997
995 996
996 997
999 1000
999 1001
1000 1001
1000 1509
1001 1838
1003 1004
1003 1006
1004 1005
1005 1006
1007 1008
1007 1010
1008 1009
1009 1010
1013 1014
1013 1016
1014 1015
1015 1016
1017 1413
1018 1517
1019 1020
1019 1021
1020 1021
1023 1024
1023 1026
1024 1025
1025 1026
1025 1330
1027 1564
1029 1038
1029 1194
1029 1469
1030 1031
1030 1032
1031 1032
1033 1034
1033 1036
1034 1035
1035 1036
1037 1038
1037 1039
1038 1039
1040 1041
1040 1043
1041 1042
1042 1043
1044 1045
1044 1046
1044 1047
1045 1046
1045 1095
1046 1047
1048 1049
1048 1051
1048 1063
1048 1146
1049 1050
1049 1521
1050 1051
1052 1053
1052 1055
1053 1054
1054 1055
1056 1823
1058 1059
1058 1060
1059 1060
1062 1276
1065 1066
1065 1068
1066 1067
1067 1068
1068 1103
1069 1070
1069 1071
1069 1072
1070 1071
1071 1072
1074 1075
1074 1077
1074 1277
1075 1076
1076 1077
1077 1675
1079 1080
1079 1082
1080 1081
1081 1082
1082 1443
1084 1085
1084 1086
1085 1086
1087 1088
1087 1089
1088 1089
1089 1391
1091 1092
1091 1094
1092 1093
1093 1094
1095 1096
1095 1097
1096 1097
1098 1589
1098 1599
1099 1100
1099 1101
1099 1250
1099 1638
1100 1101
1101 1169
1102 1103
1102 1105
1103 1104
1104 1105
1106 1107
1106 1108
1107 1108
1109 1110
1109 1111
1109 1112
1110 1111
1110 1112
1111 1112
1113 1114
1113 1115
1114 1115
1116 1418
1116 1635
1118 1119
1118 1121
1119 1120
1120 1121
1124 1125
1124 1126
1125 1126
1128 1129
1128 1132
1129 1130
1130 1131
1131 1132
1133 1134
1133 1137
1134 1135
1135 1136
1136 1137
1139 1140
1139 1141
1140 1141
1142 1143
1142 1144
1142 1878
1143 1144
1145 1294
1147 1148
1147 1149
1148 1149
1150 1151
1150 1153
1151 1152
1152 1153
1154 1155
1154 1158
1155 1156
1155 1158
1156 1157
1157 1158
1159 1160
1159 1162
1159 1163
1160 1161
1160 1162
1160 1163
1161 1162
1161 1163
1162 1163
1164 1243
1166 1167
1166 1168
1167 1168
1170 1171
1170 1172
1171 1172
1173 1174
1173 1175
1174 1175
1176 1177
1176 1180
1177 1178
1178 1179
1179 1180
1181 1182
1181 1185
1182 1183
1182 1185
1183 1184
1183 1185
1184 1185
1186 1187
1186 1188
1187 1188
1193 1194
1193 1195
1193 1196
1194 1195
1195 1196
1197 1198
1197 1199
1197 1200
1198 1199
1199 1200
1201 1434
1202 1203
1202 1206
1203 1204
1204 1205
1205 1206
1207 1208
1207 1210
1208 1209
1209 1210
1211 1212
1211 1214
1212 1213
1213 1214
1215 1216
1215 1218
1215 1219
1216 1217
1217 1218
1217 1219
1218 1219
1218 1551
1220 1317
1220 1378
1222 1223
1222 1224
1223 1224
1225 1226
1225 1228
1226 1227
1227 1228
1229 1230
1229 1232
1229 1233
1229 1796
1230 1231
1231 1232
1232 1233
1234 1235
1234 1238
1235 1236
1235 1237
1236 1237
1237 1238
1239 1240
1239 1242
1240 1241
1241 1242
1243 1244
1243 1246
1244 1245
1245 1246
1248 1249
1248 1252
1249 1250
1250 1251
1251 1252
1255 1256
1255 1257
1256 1257
1257 1462
1258 1259
1258 1262
1259 1260
1260 1261
1261 1262
1263 1264
1263 1266
1264 1265
1265 1266
1269 1270
1269 1271
1270 1271
1277 1278
1277 1280
1278 1279
1279 1280
1280 1307
1281 1282
1281 1286
1282 1283
1283 1284
1284 1285
1285 1286
1288 1289
1288 1291
1288 1293
1289 1290
1289 1292
1290 1291
1290 1292
1291 1292
1292 1293
1296 1297
1296 1298
1297 1298
1299 1300
1299 1301
1299 1339
1300 1301
1302 1303
1302 1304
1303 1304
1305 1306
1305 1308
1306 1307
1306 1308
1307 1308
1309 1310
1309 1313
1310 1311
1311 1312
1312 1313
1316 1317
1316 1319
1317 1318
1318 1319
1320 1321
1320 1325
1320 1597
1321 1322
1322 1323
1323 1324
1324 1325
1327 1328
1327 1331
1328 1329
1329 1330
1330 1331
1334 1335
1334 1336
1335 1336
1335 1639
1337 1338
1337 1342
1338 1339
1339 1340
1340 1341
1341 1342
1343 1344
1343 1345
1343 1346
1343 1348
1344 1345
1344 1346
1345 1346
1346 1347
1346 1348
1347 1348
1350 1351
1350 1355
1351 1352
1352 1353
1353 1354
1354 1355
1356 1462
1358 1359
1358 1360
1359 1360
1361 1362
1361 1366
1362 1363
1363 1364
1364 1365
1365 1366
1367 1368
1367 1371
1368 1369
1369 1370
1370 1371
1376 1377
1376 1381
1377 1378
1378 1379
1379 1380
1380 1381
1383 1643
1384 1385
1384 1390
1385 1386
1386 1387
1387 1388
1388 1389
1389 1390
1392 1393
1392 1394
1392 1397
1393 1394
1393 1396
1393 1397
1394 1395
1395 1396
1396 1397
1399 1400
1399 1402
1399 1403
1400 1401
1401 1402
1402 1403
1404 1405
1404 1406
1405 1406
1407 1408
1407 1412
1408 1409
1409 1410
1410 1411
1411 1412
1413 1414
1413 1415
1414 1415
1418 1419
1418 1420
1419 1420
1421 1422
1421 1426
1422 1423
1422 1424
1422 1426
1423 1424
1424 1425
1425 1426
1428 1429
1428 1431
1428 1432
1429 1430
1430 1431
1431 1432
1433 1434
1433 1435
1434 1435
1436 1437
1436 1439
1436 1440
1436 1442
1436 1443
1437 1438
1438 1439
1438 1441
1439 1440
1440 1441
1441 1442
1442 1443
1444 1445
1444 1447
1444 1448
1445 1446
1446 1447
1447 1448
1449 1450
1449 1454
1450 1451
1451 1452
1451 1453
1452 1453
1453 1454
1455 1456
1455 1457
1455 1460
1455 1461
1456 1457
1457 1458
1457 1460
1458 1459
1458 1461
1459 1460
1459 1461
1460 1461
1463 1464
1463 1466
1464 1465
1465 1466
1467 1468
1467 1469
1467 1471
1468 1469
1469 1470
1470 1471
1472 1473
1472 1475
1472 1478
1472 1479
1473 1474
1474 1475
1475 1476
1476 1477
1477 1478
1478 1479
1480 1481
1480 1483
1480 1485
1481 1482
1482 1483
1483 1484
1484 1485
1487 1488
1487 1492
1488 1489
1489 1490
1490 1491
1491 1492
1493 1494
1493 1495
1494 1495
1498 1499
1498 1503
1499 1500
1500 1501
1501 1502
1502 1503
1504 1505
1504 1509
1505 1506
1506 1507
1507 1508
1508 1509
1510 1511
1510 1515
1511 1512
1512 1513
1513 1514
1514 1515
1516 1517
1516 1522
1517 1518
1517 1520
1517 1522
1518 1519
1518 1521
1519 1520
1519 1521
1519 1522
1520 1521
1521 1522
1523 1524
1523 1529
1524 1525
1524 1528
1524 1529
1525 1526
1525 1527
1526 1527
1527 1528
1528 1529
1530 1531
1530 1536
1531 1532
1532 1533
1533 1534
1534 1535
1535 1536
1537 1538
1537 1540
1537 1545
1538 1539
1539 1540
1539 1543
1539 1544
1540 1541
1540 1544
1541 1542
1542 1543
1543 1544
1544 1545
1544 1866
1546 1547
1546 1548
1547 1548
1547 1702
1550 1551
1550 1554
1550 1555
1550 1558
1551 1552
1551 1553
1551 1554
1551 1556
1551 1558
1552 1553
1552 1554
1552 1555
1552 1557
1553 1554
1553 1556
1554 1555
1554 1556
1555 1556
1556 1557
1557 1558
1559 1560
1559 1562
1559 1563
1560 1561
1561 1562
1561 1563
1562 1563
1564 1565
1564 1569
1565 1566
1565 1567
1565 1568
1565 1569
1566 1567
1566 1568
1567 1568
1568 1569
1570 1571
1570 1575
1571 1572
1572 1573
1573 1574
1574 1575
1576 1577
1576 1584
1577 1578
1577 1584
1578 1579
1578 1582
1579 1580
1579 1581
1579 1582
1580 1581
1581 1582
1581 1583
1582 1583
1583 1584
1583 1702
1585 1586
1585 1587
1585 1588
1585 1590
1586 1587
1586 1590
1587 1588
1587 1589
1587 1590
1588 1589
1588 1590
1589 1590
1592 1593
1592 1596
1593 1594
1594 1595
1595 1596
1598 1599
1598 1602
1599 1600
1600 1601
1601 1602
1603 1604
1603 1609
1603 1610
1604 1605
1605 1606
1606 1607
1606 1608
1607 1608
1608 1609
1609 1610
1612 1613
1612 1619
1613 1614
1614 1615
1615 1616
1616 1617
1616 1619
1617 1618
1618 1619
1620 1621
1620 1622
1620 1623
1620 1624
1620 1626
1620 1627
1621 1622
1621 1626
1622 1623
1622 1624
1622 1625
1622 1627
1623 1624
1623 1625
1623 1626
1623 1627
1624 1625
1624 1626
1625 1626
1626 1627
1628 1629
1628 1630
1628 1634
1628 1805
1629 1630
1630 1631
1630 1632
1630 1634
1631 1632
1631 1634
1632 1633
1632 1634
1633 1634
1635 1636
1635 1637
1636 1637
1639 1640
1639 1642
1640 1641
1641 1642
1644 1645
1644 1651
1645 1646
1646 1647
1646 1649
1647 1648
1648 1649
1648 1651
1649 1650
1649 1651
1650 1651
1652 1653
1652 1655
1652 1657
1653 1654
1653 1657
1654 1655
1655 1656
1656 1657
1658 1659
1658 1661
1659 1660
1660 1661
1662 1663
1662 1664
1663 1664
1665 1666
1665 1673
1666 1667
1667 1668
1667 1672
1668 1669
1669 1670
1670 1671
1671 1672
1672 1673
1674 1675
1674 1677
1675 1676
1676 1677
1679 1680
1679 1686
1679 1690
1679 1691
1680 1681
1680 1686
1680 1690
1680 1691
1681 1682
1682 1683
1683 1684
1684 1685
1685 1686
1686 1687
1687 1688
1687 1690
1688 1689
1688 1690
1689 1690
1690 1691
1692 1693
1692 1696
1692 1701
1693 1694
1693 1699
1694 1695
1694 1697
1695 1696
1695 1698
1696 1697
1697 1698
1698 1699
1699 1700
1699 1701
1700 1701
1703 1704
1703 1714
1704 1705
1705 1706
1706 1707
1707 1708
1708 1709
1708 1931
1709 1710
1710 1711
1711 1712
1712 1713
1713 1714
1715 1716
1715 1721
1716 1717
1716 1718
1717 1718
1718 1719
1719 1720
1720 1721
1722 1723
1722 1725
1723 1724
1724 1725
1726 1727
1726 1736
1727 1728
1727 1732
1728 1729
1729 1730
1730 1731
1731 1732
1732 1733
1733 1734
1734 1735
1735 1736
1737 1738
1737 1748
1738 1739
1738 1748
1739 1740
1739 1743
1739 1747
1740 1741
1741 1742
1742 1743
1743 1744
1744 1745
1745 1746
1745 1748
1746 1747
1747 1748
1749 1750
1749 1760
1750 1751
1750 1752
1750 1759
1751 1752
1751 1757
1752 1753
1752 1759
1753 1754
1754 1755
1755 1756
1756 1757
1757 1758
1758 1759
1759 1760
1761 1762
1761 1764
1761 1769
1761 1770
1762 1763
1763 1764
1764 1765
1765 1766
1766 1767
1767 1768
1768 1769
1769 1770
1771 1772
1771 1774
1771 1781
1771 1782
1771 1783
1771 1785
1772 1773
1772 1778
1772 1783
1773 1774
1773 1779
1773 1782
1774 1775
1774 1778
1774 1780
1774 1781
1774 1783
1774 1785
1775 1776
1775 1778
1775 1779
1775 1780
1775 1782
1775 1783
1776 1777
1776 1779
1776 1783
1776 1784
1777 1778
1777 1779
1777 1780
1777 1784
1778 1779
1778 1781
1778 1784
1778 1785
1779 1780
1779 1781
1779 1782
1779 1783
1779 1785
1780 1781
1781 1782
1781 1783
1781 1784
1782 1783
1782 1784
1782 1785
1783 1784
1784 1785
1786 1787
1786 1788
1786 1793
1786 1795
1787 1788
1787 1789
1787 1792
1787 1794
1788 1789
1788 1791
1788 1793
1789 1790
1789 1792
1789 1795
1790 1791
1790 1794
1791 1792
1791 1793
1792 1793
1793 1794
1794 1795
1796 1797
1796 1800
1797 1798
1798 1799
1799 1800
1801 1802
1801 1803
1801 1804
1801 1805
1801 1806
1801 1809
1801 1812
1802 1803
1802 1809
1803 1804
1803 1806
1803 1808
1803 1811
1804 1805
1805 1806
1806 1807
1807 1808
1808 1809
1808 1810
1808 1812
1809 1810
1809 1811
1810 1811
1810 1812
1811 1812
1813 1814
1813 1818
1813 1820
1813 1822
1814 1815
1814 1818
1814 1821
1814 1822
1815 1816
1815 1819
1816 1817
1816 1819
1816 1822
1817 1818
1817 1819
1817 1821
1818 1819
1818 1821
1819 1820
1819 1821
1820 1821
1820 1822
1821 1822
1824 1825
1824 1830
1824 1834
1825 1826
1825 1827
1825 1828
1825 1830
1825 1832
1826 1827
1827 1828
1827 1831
1827 1833
1828 1829
1828 1831
1829 1830
1830 1831
1830 1832
1831 1832
1831 1833
1832 1833
1833 1834
1835 1836
1835 1839
1835 1842
1836 1837
1837 1838
1838 1839
1838 1841
1839 1840
1840 1841
1841 1842
1843 1844
1843 1845
1843 1846
1843 1852
1843 1853
1843 1855
1844 1845
1844 1851
1844 1854
1845 1846
1845 1850
1845 1853
1845 1855
1846 1847
1846 1848
1846 1852
1846 1854
1846 1855
1847 1848
1847 1854
1847 1855
1848 1849
1848 1851
1848 1855
1849 1850
1849 1852
1850 1851
1851 1852
1851 1854
1852 1853
1852 1854
1852 1855
1853 1854
1854 1855
1856 1857
1856 1859
1856 1863
1856 1868
1857 1858
1857 1863
1857 1865
1857 1868
1858 1859
1858 1860
1858 1862
1859 1860
1859 1864
1859 1866
1860 1861
1861 1862
1862 1863
1862 1864
1863 1864
1863 1866
1864 1865
1865 1866
1866 1867
1867 1868
1869 1870
1869 1872
1869 1873
1869 1874
1869 1878
1869 1880
1869 1883
1870 1871
1871 1872
1871 1875
1871 1876
1871 1877
1871 1879
1871 1881
1871 1883
1872 1873
1872 1874
1872 1881
1873 1874
1873 1876
1873 1883
1874 1875
1874 1876
1874 1878
1874 1880
1874 1882
1875 1876
1875 1878
1875 1880
1875 1883
1876 1877
1876 1878
1876 1881
1876 1882
1877 1878
1877 1879
1877 1880
1877 1881
1877 1882
1877 1883
1878 1879
1878 1883
1879 1880
1879 1882
1879 1883
1880 1881
1881 1882
1881 1883
1882 1883
1884 1885
1884 1887
1884 1888
1885 1886
1886 1887
1887 1888
1889 1890
1889 1895
1889 1898
1889 1901
1889 1915
1890 1891
1891 1892
1891 1902
1891 1910
1891 1915
1892 1893
1892 1896
1893 1894
1894 1895
1894 1902
1894 1906
1895 1896
1896 1897
1897 1898
1897 1899
1897 1915
1898 1899
1899 1900
1899 1905
1899 1912
1900 1901
1901 1902
1901 1915
1902 1903
1902 1904
1903 1904
1903 1909
1904 1905
1904 1907
1904 1913
1905 1906
1905 1914
1906 1907
1906 1909
1907 1908
1907 1911
1908 1909
1909 1910
1910 1911
1911 1912
1912 1913
1913 1914
1914 1915
1916 1917
1916 1921
1916 1922
1916 1923
1916 1925
1916 1927
1916 1930
1916 1931
1916 1932
1916 1933
1917 1918
1917 1922
1917 1923
1917 1925
1917 1926
1917 1928
1917 1929
1917 1930
1917 1932
1918 1919
1918 1922
1918 1924
1918 1926
1918 1927
1918 1931
1918 1932
1918 1933
1919 1920
1919 1922
1919 1923
1919 1925
1919 1927
1919 1928
1919 1929
1920 1921
1920 1924
1920 1927
1920 1931
1920 1933
1921 1922
1921 1924
1921 1925
1921 1932
1921 1933
1922 1923
1922 1928
1922 1929
1922 1933
1923 1924
1923 1928
1923 1929
1923 1930
1923 1932
1924 1925
1924 1931
1925 1926
1925 1929
1925 1930
1925 1933
1926 1927
1926 1928
1926 1930
1927 1928
1928 1929
1928 1930
1928 1932
1928 1933
1929 1930
1929 1933
1930 1931
1931 1932
1932 1933
1934 1935
1934 1937
1934 1941
1934 1947
1934 1953
1935 1936
1935 1940
1935 1953
1936 1937
1936 1949
1936 1950
1936 1953
1937 1938
1938 1939
1939 1940
1940 1941
1940 1950
1940 1953
1941 1942
1941 1945
1942 1943
1942 1946
1943 1944
1943 1951
1944 1945
1944 1951
1945 1946
1946 1947
1947 1948
1947 1949
1947 1950
1948 1949
1949 1950
1950 1951
1951 1952
1952 1953
1954 1955
1954 1970
1954 1972
1955 1956
1955 1972
1956 1957
1957 1958
1957 1970
1958 1959
1958 1963
1959 1960
1960 1961
1961 1962
1961 1970
1962 1963
1962 1969
1963 1964
1964 1965
1965 1966
1965 1968
1965 1969
1966 1967
1967 1968
1968 1969
1969 1970
1969 1972
1970 1971
1971 1972
1973 1974
1973 1994
1974 1975
1975 1976
1976 1977
1977 1978
1978 1979
1979 1980
1980 1981
1981 1982
1982 1983
1983 1984
1984 1985
1985 1986
1986 1987
1987 1988
1988 1989
1989 1990
1990 1991
1991 1992
1992 1993
1993 1994
1995 1996
1995 2000
1996 1997
1997 1998
1998 1999
1999 2000
1008
235 156
1417 461
1468 978
549 557
243 429
677 989
297 64
212 988
709 1186
189 182
1178 94
1593 1107
191 388
1247 1673
542 856
1033 313
168 118
1496 403
378 1631
226 1280
648 724
260 52
1 167
270 719
1398 1382
592 38
88 81
850 785
333 1354
1300 571
1017 135
446 1228
1328 1635
40 25
443 311
1140 1275
260 444
828 140
371 555
160 221
723 53
708 1637
1418 640
597 952
633 191
1857 309
289 64
187 749
1525 194
19 753
259 157
151 1409
306 216
85 1416
1668 120
769 368
1247 1611
306 483
115 968
1272 686
160 10
282 164
559 858
640 269
1087 150
1149 737
1374 1051
1415 1169
771 94
936 723
1100 270
1501 130
801 128
83 1298
1317 272
600 804
760 308
584 231
863 367
402 594
1611 760
482 699
157 739
740 369
416 204
261 1919
272 640
340 780
1373 1161
426 581
983 988
462 696
858 391
136 184
830 863
104 580
156 481
693 1261
479 213
154 1191
322 153
1165 1440
32 1192
1099 14
397 364
258 345
787 423
1202 815
458 806
1241 1374
935 209
1302 393
1219 232
960 1106
1230 405
201 15
900 158
397 865
136 313
893 249
1367 309
381 309
1010 591
610 218
800 1125
228 930
1441 201
724 181
773 920
468 28
550 820
271 1441
129 336
478 1200
478 723
946 1563
369 71
1953 294
845 214
133 872
481 1285
273 261
3 130
92 355
693 657
1127 1592
475 367
1702 406
34 1140
43 208
1344 334
1419 712
360 156
740 644
185 169
1249 310
866 637
800 1
795 390
834 459
1046 420
55 143
596 530
651 165
545 635
66 643
44 1724
11 1253
403 866
746 357
1015 1073
1244 202
46 407
625 1357
1509 228
633 1318
1333 403
1192 1176
1085 839
1348 1062
124 4
1583 547
639 1127
712 1618
344 1152
1169 1277
449 7
772 1316
1841 462
1450 1038
43 192
569 794
268 732
1378 1997
553 232
99 742
157 392
826 953
1127 672
350 283
1810 1251
1098 773
363 804
948 1062
1098 652
864 439
1055 1465
1063 1038
1098 517
433 583
168 456
243 50
608 1196
1012 635
478 117
591 311
711 214
35 488
10 129
1020 265
196 233
785 1206
997 1637
315 93
587 613
859 327
732 154
895 368
674 390
291 488
175 730
821 1276
864 556
1754 765
421 117
180 209
1329 139
1669 90
60 1190
938 551
571 139
1636 1030
1752 245
544 883
1108 109
1357 655
1280 457
763 172
822 384
777 416
771 1061
639 462
1640 1356
862 20
908 685
572 194
343 181
395 28
424 12
466 298
132 198
374 1536
1599 1312
426 147
694 1223
21 1612
30 862
79 773
438 827
828 1390
76 344
447 1374
776 1652
1578 572
857 789
1134 1443
723 133
1346 1287
369 1268
101 182
1346 436
377 383
1041 452
1998 97
953 732
115 283
1192 863
1274 244
27 625
773 90
235 330
153 473
442 916
686 250
1127 415
384 438
11 685
1537 1197
469 731
1264 157
156 707
988 675
1278 210
740 1061
288 349
1621 634
686 59
1118 940
1089 755
366 724
460 413
387 919
186 276
47 775
372 136
178 693
6 441
354 115
329 930
449 929
983 758
635 693
121 816
1262 127
1676 204
1009 44
451 640
49 1101
1028 463
1164 840
572 1275
169 191
844 396
1041 110
436 1239
1097 221
887 1286
30 345
546 1436
1275 383
283 17
570 330
1300 746
745 1324
217 264
372 43
1145 1392
687 238
774 1268
372 800
1417 339
1415 753
16 23
644 856
1869 481
185 815
311 138
601 1061
472 843
57 587
1061 468
160 1636
3 570
786 297
1032 189
1106 1243
718 375
113 432
318 774
1217 630
104 1653
433 1497
570 1301
471 456
467 1003
488 850
440 62
674 324
774 1126
352 1349
1464 939
208 925
838 27
140 1209
1292 357
90 363
1156 181
1477 106
66 170
1374 127
468 747
147 326
174 616
991 1142
317 1129
26 447
238 481
980 109
1273 818
267 226
306 1566
599 148
1371 734
736 121
859 1122
462 1483
318 242
183 1686
388 253
1219 1347
477 161
454 799
456 270
135 403
549 1311
212 674
693 1315
828 379
462 588
1229 1843
267 401
106 1294
1011 280
196 263
481 1118
799 634
469 449
357 590
342 241
115 441
379 696
821 644
1276 684
46 635
14 1860
1177 212
105 141
776 1207
736 1381
546 367
136 679
637 216
1056 293
138 698
685 134
200 857
1406 478
984 989
694 1402
317 669
480 243
310 1427
1547 382
544 340
1849 1027
425 1799
1356 1303
225 21
427 1373
318 1143
1491 235
59 125
184 568
429 1759
205 46
440 70
80 1063
182 739
796 743
1183 104
753 212
1278 340
147 188
178 1377
432 1268
1201 1008
872 10
434 155
128 183
1273 851
385 282
40 982
206 554
636 411
294 1022
1401 1165
263 366
853 733
372 367
1338 311
296 144
583 2
1116 268
13 1805
1349 1166
772 735
1033 1984
1643 1720
862 1220
1486 1393
712 675
131 351
292 1721
1745 900
210 1018
420 480
1280 1965
945 1853
371 199
1016 245
233 667
353 1301
1591 43
396 863
95 1254
1357 778
325 1494
364 906
167 264
646 1080
27 1646
1373 125
1141 1124
973 11
1228 545
1642 60
852 161
1601 448
469 686
1077 624
247 30
793 671
1604 445
96 1783
1328 139
684 787
822 65
938 1406
1100 1531
797 203
64 813
152 391
164 44
885 476
787 1272
953 176
1078 615
1006 196
1254 932
96 573
21 401
470 223
311 643
1012 1315
65 454
979 191
1285 219
1194 1295
1169 224
827 155
1117 44
14 264
845 71
64 280
784 1157
546 75
165 1840
226 403
14 173
91 138
413 380
557 445
1031 574
425 450
827 574
1496 220
970 402
1330 1638
1396 78
703 849
62 134
97 456
765 714
42 700
1294 1695
1475 603
1506 103
862 836
799 1549
276 367
1497 1304
373 1447
336 169
1268 341
128 723
159 341
1494 326
355 1268
671 1287
186 1382
1174 391
135 601
444 280
574 1462
102 1258
554 387
58 1356
612 1017
588 39
4 454
609 1011
394 25
110 481
1030 225
556 484
154 430
1274 28
41 3
1078 870
317 290
482 1295
846 940
1887 864
250 1611
242 610
88 477
755 181
1559 1740
1977 1388
1790 423
310 328
356 485
103 28
36 904
639 1372
867 1435
1145 286
1384 375
624 116
1173 809
675 104
564 462
843 139
49 321
815 768
1864 936
412 1117
1096 678
429 1108
663 856
334 277
123 1320
1144 590
1425 1834
1138 25
551 769
597 913
1639 840
1197 446
287 341
425 1254
420 371
438 1664
139 820
143 476
1357 898
189 1083
40 462
1431 1201
459 3
593 251
1285 246
1637 552
736 1655
640 845
1242 1416
573 718
259 366
119 719
718 418
1275 55
44 827
469 934
863 1315
1221 1292
279 455
113 269
266 635
1462 754
32 1354
1338 433
171 17
400 821
186 368
687 225
1076 1169
1412 1597
378 749
681 640
358 292
264 846
549 1611
1274 1599
262 566
574 1504
1391 803
550 876
748 270
1276 1850
42 7
194 775
220 663
1043 142
1145 268
1064 1079
467 391
213 951
1611 1307
316 717
562 217
51 1737
93 957
795 217
1609 1271
642 331
542 32
454 145
1211 473
1145 943
704 124
1723 125
858 42
699 41
856 1471
1574 262
904 407
21 950
151 120
356 793
876 80
1018 760
131 1383
850 202
26 452
697 154
735 307
135 900
1504 1723
37 708
203 405
416 790
1 1029
390 143
403 202
932 274
604 247
355 17
68 88
196 376
851 145
339 1206
851 379
716 264
833 157
850 450
68 433
1151 439
936 344
86 95
80 769
52 473
166 795
552 480
429 1391
338 826
83 1465
1012 20
1519 1350
382 659
116 277
202 186
601 196
166 133
1333 791
769 1117
713 479
1192 1257
236 351
74 842
193 808
862 699
573 149
589 163
1375 872
1073 1021
613 1078
1133 780
744 8
36 1053
242 463
564 129
264 371
184 1152
769 555
936 1154
166 812
153 142
1334 822
341 612
415 203
76 614
226 1540
282 579
587 590
1283 19
653 1467
47 1017
276 1293
288 12
158 261
756 485
328 1385
988 432
640 1149
672 340
1019 332
1017 338
1648 124
635 244
183 408
231 1861
1467 1078
333 101
125 1416
590 1205
1663 1699
1625 330
651 224
205 1398
45 1909
211 237
649 1035
283 312
343 546
786 447
49 1294
625 401
266 42
129 470
1321 1563
427 777
389 23
1715 1011
110 1276
635 310
203 77
141 161
1525 54
496 477
170 752
92 862
661 110
1169 329
609 451
701 125
1097 772
286 1716
105 651
176 324
37 256
1638 810
453 754
216 559
172 440
826 781
1018 1600
636 170
1173 448
456 345
117 748
270 382
143 685
950 165
258 1508
139 1115
1050 1678
1745 33
839 344
1336 346
800 787
1198 418
1092 1057
611 1272
1159 22
84 1025
649 72
829 839
365 75
1095 65
865 844
262 685
960 282
1278 1314
900 295
745 553
571 414
16 371
664 1770
1028 1496
859 1333
858 82
203 195
1746 384
653 1027
277 377
22 461
1952 868
244 859
62 550
557 644
183 1597
120 1545
387 1192
380 462
827 253
1132 49
1675 1579
140 55
211 397
748 950
978 432
55 1123
107 902
85 1349
1758 337
555 260
110 26
281 765
1820 1212
1451 82
1995 589
242 432
470 13
32 917
170 781
748 1585
793 1027
944 385
1190 1466
309 788
430 208
544 1497
1112 693
1312 1085
269 649
83 102
440 810
905 131
341 197
253 1406
438 751
157 253
646 324
858 179
569 96
257 953
94 168
248 52
461 573
571 414
301 424
68 1276
117 370
1549 222
740 170
575 417
144 1564
781 769
1888 499
805 1126
778 745
1800 734
1635 1483
203 138
1126 221
1675 340
773 124
1433 543
194 292
921 1
381 948
786 1940
1592 236
652 1123
77 459
449 1144
1189 248
389 116
573 395
1577 218
328 881
839 1472
185 249
381 80
18 306
369 1360
439 721
1220 135
