100
9235 7943
8397 8433
8585 4995
7868 4362
6648 4296
2418 5089
-104 5461
-216 1954
832 2932
2503 3776
2402 3510
1684 1862
4733 3152
7357 3307
6918 1244
8504 3201
8663 -1576
9661 4640
8752 -8405
8526 -4859
8499 -6847
8037 -6549
6703 -4740
7580 -3858
7222 -2377
7119 -2620
7187 -2024
5096 -1122
4948 -3295
3823 -5185
2723 -8173
6916 -8247
8166 -8186
8550 -8539
7573 -8450
1872 -9087
1374 -7827
440 -7982
631 -9825
-1182 -9401
-730 -7609
1090 -5007
3507 -3962
2547 -2513
4543 685
966 -1511
-840 -3962
-3833 -5913
-3614 -4757
-5811 -5448
-4337 -6399
-2661 -9088
-4907 -8119
-8286 -9447
-8590 -7550
-9050 -6912
-9418 -7848
-9639 -5259
-6987 -4864
-9073 -3552
-7747 -2007
-9371 -40
-9577 -3772
-9782 -4378
-9718 291
-9412 859
-9849 1533
-8913 1102
-8440 1236
-9940 3512
-8398 5173
-8898 6840
-8881 8163
-8840 8960
-8196 9828
-6275 9305
-8723 7612
-6390 7056
-7415 5479
-6830 2875
-6636 348
-3276 -2197
-3105 841
-5088 697
-3280 2997
-4119 3542
-4988 6224
-2578 5284
-1196 6015
-614 6015
-1201 6932
-2344 8497
-4986 9704
-5497 9937
1016 8919
3025 7488
3939 9334
4092 9660
6483 8154
8195 8722
