8
134 2
285 1 7 2
411 2
495 1 2 10
619 1 3 3
631 2
851 1 1 3
910 1 1 12
971 1 8 4
1321 1 5 11
1461 2
1475 1 6 10
1545 1 3 13
1597 1 2 16
1689 2
1832 1 1 38
2051 2
2143 2
2161 2
2547 2
2631 1 7 6
2640 1 1 39
2774 1 3 17
2836 1 6 21
3011 1 1 45
3020 1 8 17
3035 1 5 34
3242 1 4 35
3872 1 1 56
3879 1 3 22
3940 1 6 32
4123 1 5 51
4181 1 5 54
4212 1 2 38
4248 1 5 58
4303 1 7 9
4362 2
4528 2
4584 1 2 42
4832 2
4927 1 5 60
4942 1 5 68
5009 2
5070 1 4 55
5085 2
5191 2
5357 1 3 41
5417 1 1 67
5426 2
5444 1 1 72
5551 2
5602 2
5615 2
5695 1 2 54
5762 2
5848 1 8 20
5871 1 4 60
6389 2
6473 1 8 49
6517 1 2 57
6626 1 5 89
6707 1 5 103
6721 1 4 66
6831 2
6898 1 4 90
6963 1 8 100
7072 1 4 109
7161 2
7180 1 3 42
7388 1 1 78
7424 2
7477 1 8 105
7489 2
7594 1 8 110
7709 2
7957 1 6 53
7986 2
8130 2
8153 2
8195 1 8 117
8522 1 1 104
8609 2
9038 2
9043 2
9050 2
9079 1 8 118
9087 1 8 119
9146 2
9280 1 6 56
9285 1 8 120
9357 1 1 113
9489 2
9808 1 2 63
9824 1 3 54
9990 1 3 55
9996 1 6 69
10033 2
10064 1 5 105
10103 1 6 73
10183 1 3 56
10184 1 6 82
10464 1 8 125
10592 1 1 119
10638 1 1 124
10651 2
10713 1 4 114
10790 2
10860 1 1 127
11097 2
11210 1 8 128
11285 1 5 118
11566 1 1 131
11629 2
11641 1 6 88
11767 2
11795 1 6 101
11863 2
11991 1 4 126
12122 1 2 66
12228 2
12277 1 2 76
12349 2
12373 1 1 134
12386 1 8 132
12534 2
12804 1 4 131
12878 1 5 119
12940 1 6 110
12961 1 1 137
13035 1 4 132
13054 2
13235 2
13297 2
13339 2
13397 1 8 136
13752 1 1 139
13773 2
13812 1 4 138
13843 1 1 140
13909 2
14166 1 2 84
14283 1 8 146
14462 1 2 101
14485 1 1 145
14514 1 1 148
14622 1 1 164
14696 1 5 132
15092 2
15172 1 2 103
15280 1 1 167
15370 2
15588 1 3 58
15613 1 6 111
15687 1 7 14
15776 1 1 182
15790 2
15958 1 3 67
15965 1 7 17
15972 1 8 190
15974 1 1 190
16027 2
16440 1 8 223
16520 1 4 145
16608 1 3 80
16781 1 4 152
16790 2
16822 1 5 148
16857 1 1 203
16912 2
16962 1 6 126
17254 1 1 204
17316 2
17365 1 5 165
17470 1 2 111
17651 2
17713 1 5 169
17770 2
17789 1 1 219
17842 2
17872 1 3 96
18123 2
18404 1 4 157
18425 2
18506 1 5 170
18516 2
18569 1 1 226
18627 1 8 227
18646 1 2 119
18813 1 1 245
18813 1 5 174
18830 1 6 137
18849 2
18899 1 5 175
18968 1 1 248
19072 1 1 261
19246 1 1 266
19308 2
19343 1 2 138
19357 1 4 158
19506 1 1 275
19535 1 5 177
19980 2
19997 2
20018 2
20060 2
20345 1 2 139
20461 1 4 161
20594 1 1 281
20697 2
20778 1 4 171
20850 2
20980 2
21014 1 6 152
21112 1 3 113
21125 2
21193 1 1 285
21288 2
21373 2
21386 1 5 183
21397 2
21486 1 6 179
21673 2
21681 1 1 305
21866 1 4 172
21992 1 3 145
22142 2
22216 2
22218 2
22649 2
22731 1 1 338
22776 1 1 341
22787 2
23167 1 2 147
23201 1 6 184
23255 1 5 185
23270 2
23302 1 6 189
23455 1 4 179
23530 1 6 193
23554 1 2 153
23712 2
23840 1 7 32
23954 1 3 164
23956 2
24031 1 2 170
24044 1 2 177
24152 2
24158 2
24213 1 1 347
24255 1 7 33
24283 1 1 362
24337 1 6 196
24421 1 2 178
24572 1 3 181
24620 1 8 263
24620 1 7 40
24808 1 4 180
24850 1 7 49
24960 1 3 188
24975 1 8 269
25029 1 2 200
25063 1 8 271
25226 1 2 201
25286 2
25615 2
25677 1 6 200
25785 2
25842 1 7 58
25898 1 6 202
26062 1 2 206
26105 2
26160 1 2 209
26168 2
26205 1 1 371
26220 1 2 210
26224 2
26275 1 1 384
26526 2
26641 1 3 203
26784 2
26799 1 1 397
26841 2
26896 2
26973 1 3 207
27012 2
27057 1 1 413
27373 1 2 220
27614 2
27618 2
27620 1 5 186
27638 1 8 325
27713 1 6 216
27794 1 5 211
27830 1 2 226
27870 2
27958 2
28003 1 3 210
28041 1 6 238
28054 2
28108 2
